Date        Box_A     Box_B     Box_C     EMI(=Box_A-0.5*Box_B-0.5*Box_C)
1870:1:16:0 -0.236028 -0.963993 0.323967 0.0839852
1870:2:16:0 -0.891933 -0.670406 0.192366 -0.652913
1870:3:16:0 -0.708892 -0.353176 0.182843 -0.623725
1870:4:16:0 -0.729457 -0.333903 0.00832393 -0.566668
1870:5:16:0 -0.798636 -0.602568 -0.107019 -0.443843
1870:6:16:0 -0.808334 -0.842202 -0.233316 -0.270575
1870:7:16:0 -0.698108 -0.791859 -0.244 -0.180179
1870:8:16:0 -0.611036 -0.69708 -0.0662436 -0.229374
1870:9:16:0 -0.160363 -0.785313 -0.157088 0.310838
1870:10:16:0 -0.241078 -1.0949 -0.0920501 0.352397
1870:11:16:0 -0.31788 -0.928431 -0.0189722 0.155821
1870:12:16:0 -0.432585 -0.796122 -0.127679 0.0293153
1871:1:16:0 -0.308091 -0.30802 -0.0388902 -0.134636
1871:2:16:0 -0.317031 -0.262351 -0.0593055 -0.156203
1871:3:16:0 -0.311773 -0.355261 -0.0120959 -0.128095
1871:4:16:0 -0.182046 -0.299901 -0.000404941 -0.0318928
1871:5:16:0 -0.424299 -0.489664 0.0244992 -0.191717
1871:6:16:0 -0.367356 -0.250378 -0.0302519 -0.227041
1871:7:16:0 -0.429399 -0.145554 -0.00950995 -0.351867
1871:8:16:0 -0.199858 -0.155855 -0.0789703 -0.0824455
1871:9:16:0 -0.114076 -0.327666 -0.297584 0.198548
1871:10:16:0 -0.159126 -0.30059 -0.335777 0.159057
1871:11:16:0 -0.203117 -0.244855 -0.0265299 -0.067424
1871:12:16:0 -0.41232 -0.569367 0.0294188 -0.142346
1872:1:16:0 -0.455651 -0.732123 0.0755375 -0.127358
1872:2:16:0 -0.403927 -0.789433 0.0609448 -0.0396833
1872:3:16:0 -0.258546 -0.693436 0.0862359 0.0450543
1872:4:16:0 -0.523915 -0.668828 -0.0257702 -0.176616
1872:5:16:0 -0.415721 -0.640658 0.0220342 -0.106409
1872:6:16:0 -0.44595 -0.53561 0.0705783 -0.213434
1872:7:16:0 -0.334287 -0.406904 0.18222 -0.221944
1872:8:16:0 -0.68031 -0.608158 0.338687 -0.545574
1872:9:16:0 -0.7082 -0.590126 0.384529 -0.605401
1872:10:16:0 -0.586994 -0.83766 0.155824 -0.246076
1872:11:16:0 -0.475208 -0.638162 0.125845 -0.219049
1872:12:16:0 -0.615096 -0.718998 0.175998 -0.343596
1873:1:16:0 -0.518838 -0.732146 0.277052 -0.291291
1873:2:16:0 -0.70046 -0.962811 0.11782 -0.277965
1873:3:16:0 -0.831278 -1.3661 0.0886629 -0.192561
1873:4:16:0 -0.505826 -0.758435 0.0873109 -0.170264
1873:5:16:0 -0.331311 -0.831332 0.0378266 0.0654415
1873:6:16:0 -0.52495 -0.466431 -0.0689481 -0.25726
1873:7:16:0 -0.463705 -0.333246 0.0316185 -0.312891
1873:8:16:0 -0.359525 -0.377695 -0.00729116 -0.167032
1873:9:16:0 -0.293607 -0.673315 -0.0288203 0.0574605
1873:10:16:0 -0.534283 -0.993218 -0.107903 0.0162772
1873:11:16:0 -0.503536 -0.99542 -0.109704 0.0490255
1873:12:16:0 -0.371911 -0.928311 -0.235989 0.210238
1874:1:16:0 -0.43229 -1.01855 0.0209513 0.0665094
1874:2:16:0 -0.569468 -1.17587 0.013996 0.0114672
1874:3:16:0 -0.819668 -1.01209 0.112682 -0.369965
1874:4:16:0 -0.515966 -0.890235 0.104134 -0.122916
1874:5:16:0 -0.487924 -0.359403 -0.0602314 -0.278106
1874:6:16:0 -0.444308 -0.63044 0.019912 -0.139044
1874:7:16:0 -0.526643 -0.779427 0.0672961 -0.170578
1874:8:16:0 -0.615426 -0.979405 0.0133684 -0.132407
1874:9:16:0 -0.838303 -0.818874 -0.00761622 -0.425057
1874:10:16:0 -0.945206 -0.819713 -0.159488 -0.455605
1874:11:16:0 -0.941324 -0.698194 -0.150605 -0.516925
1874:12:16:0 -0.783852 -0.697331 -0.0117364 -0.429318
1875:1:16:0 -0.433915 -0.501146 -0.0534206 -0.156632
1875:2:16:0 -0.277753 -0.372273 -0.183866 0.000316381
1875:3:16:0 -0.42181 -0.498085 -0.19483 -0.075353
1875:4:16:0 -0.729184 -0.476228 -0.0920842 -0.445028
1875:5:16:0 -0.857798 -0.894562 0.126378 -0.473706
1875:6:16:0 -0.762214 -0.68251 -0.179373 -0.331273
1875:7:16:0 -0.878976 -1.02586 -0.192638 -0.269729
1875:8:16:0 -0.837725 -0.781575 -0.0633228 -0.415276
1875:9:16:0 -0.806226 -0.80955 0.055166 -0.429034
1875:10:16:0 -0.601805 -0.86728 0.0753171 -0.205824
1875:11:16:0 -0.327452 -0.907561 0.140322 0.0561679
1875:12:16:0 -0.550203 -1.07431 -0.0418631 0.00788188
1876:1:16:0 -0.628069 -1.25963 0.0616859 -0.0290968
1876:2:16:0 -0.709742 -1.27719 0.139995 -0.141144
1876:3:16:0 -0.509225 -1.11212 0.174884 -0.0406089
1876:4:16:0 -0.671592 -1.16024 0.0670742 -0.125011
1876:5:16:0 -0.564415 -1.02505 -0.116831 0.00652307
1876:6:16:0 -0.34128 -0.716983 -0.529322 0.281872
1876:7:16:0 -0.35897 -0.393505 -0.512204 0.0938851
1876:8:16:0 -0.210669 -0.291093 -0.432259 0.151007
1876:9:16:0 -0.146925 -0.0311624 -0.444201 0.0907565
1876:10:16:0 -0.104426 0.452771 -0.294028 -0.183798
1876:11:16:0 -0.0866717 0.488659 -0.234503 -0.21375
1876:12:16:0 0.0148875 0.429125 -0.171162 -0.114094
1877:1:16:0 0.0605102 0.0953052 -0.120298 0.0730064
1877:2:16:0 0.417884 0.286162 -0.193146 0.371377
1877:3:16:0 0.302406 0.264761 -0.227439 0.283745
1877:4:16:0 0.233113 0.105848 -0.285397 0.322888
1877:5:16:0 0.366914 0.0708624 -0.240187 0.451576
1877:6:16:0 0.598225 -0.0959294 -0.229701 0.76104
1877:7:16:0 0.736965 0.957718 -0.303681 0.409947
1877:8:16:0 0.738418 1.14791 -0.334301 0.331612
1877:9:16:0 0.867712 1.78244 -0.16655 0.0597648
1877:10:16:0 1.03461 1.88156 -0.254679 0.221168
1877:11:16:0 1.06994 1.9204 -0.149484 0.184481
1877:12:16:0 1.20221 2.00512 -0.0470779 0.223186
1878:1:16:0 1.1459 1.94623 0.0109656 0.167298
1878:2:16:0 1.18003 1.86132 -0.00333003 0.251033
1878:3:16:0 0.746612 0.915131 0.0229433 0.277575
1878:4:16:0 0.539652 0.760347 0.0731469 0.122905
1878:5:16:0 0.49773 0.557319 0.0462144 0.195963
1878:6:16:0 0.809525 0.551174 -0.034056 0.550966
1878:7:16:0 0.29125 0.486661 0.115697 -0.00992927
1878:8:16:0 0.0255158 0.171986 0.160527 -0.14074
1878:9:16:0 -0.151999 -0.134256 0.192166 -0.180955
1878:10:16:0 -0.265986 -0.167123 0.153179 -0.259013
1878:11:16:0 -0.227578 -0.478187 0.22764 -0.102305
1878:12:16:0 -0.236537 -0.182779 0.168702 -0.229499
1879:1:16:0 -0.0887845 -0.0823598 0.242959 -0.169084
1879:2:16:0 -0.0985202 -0.0970095 0.176023 -0.138027
1879:3:16:0 -0.071706 -0.220516 0.12411 -0.0235034
1879:4:16:0 -0.210079 -0.335966 0.0146491 -0.0494211
1879:5:16:0 -0.470662 -0.512217 0.198825 -0.313966
1879:6:16:0 -0.627905 -0.23911 0.331499 -0.6741
1879:7:16:0 -0.64195 -0.104865 0.32374 -0.751387
1879:8:16:0 -0.559856 -0.139258 0.200013 -0.590233
1879:9:16:0 -0.508622 -0.209895 0.229209 -0.518279
1879:10:16:0 -0.66958 -0.28027 0.0381129 -0.548502
1879:11:16:0 -0.750821 -0.45285 -0.0194013 -0.514695
1879:12:16:0 -0.550446 -0.255022 -0.223612 -0.311129
1880:1:16:0 -0.374825 -0.438115 -0.0813218 -0.115106
1880:2:16:0 -0.299724 -0.0882457 -0.0723744 -0.219414
1880:3:16:0 -0.33486 -0.354637 -0.0459611 -0.134561
1880:4:16:0 -0.335734 -0.314497 -0.125508 -0.115731
1880:5:16:0 -0.404199 -0.32611 -0.178459 -0.151914
1880:6:16:0 -0.460019 -0.472206 -0.262301 -0.0927655
1880:7:16:0 -0.375829 -0.016079 -0.203595 -0.265992
1880:8:16:0 -0.383467 0.220042 -0.147941 -0.419517
1880:9:16:0 -0.257602 0.469803 -0.192538 -0.396235
1880:10:16:0 -0.0412209 0.539339 -0.163232 -0.229275
1880:11:16:0 0.135306 0.583329 -0.138596 -0.0870608
1880:12:16:0 0.214829 0.213239 -0.0649469 0.140683
1881:1:16:0 0.210575 0.131774 -0.0703371 0.179857
1881:2:16:0 0.174121 -0.0532178 -0.07915 0.240305
1881:3:16:0 0.311029 -0.0372168 0.0510227 0.304126
1881:4:16:0 0.46144 0.00699573 -0.0398312 0.477858
1881:5:16:0 0.389543 0.0949776 0.061149 0.31148
1881:6:16:0 0.28595 0.0903168 -0.0294319 0.255507
1881:7:16:0 -0.0658687 0.0528588 0.0562671 -0.120432
1881:8:16:0 0.0278343 -0.228158 -0.0982454 0.191036
1881:9:16:0 -0.0941577 -0.213211 -0.0659984 0.0454471
1881:10:16:0 -0.151476 -0.027431 -0.014097 -0.130712
1881:11:16:0 -0.226093 -0.200129 -0.0757841 -0.0881369
1881:12:16:0 -0.147095 -0.348133 0.0214546 0.0162437
1882:1:16:0 -0.180502 -0.552161 0.044125 0.0735162
1882:2:16:0 -0.295659 -0.58028 0.197541 -0.10429
1882:3:16:0 -0.194583 -0.525091 0.201415 -0.0327452
1882:4:16:0 0.165696 -0.175333 -0.0290207 0.267873
1882:5:16:0 0.146974 -0.279424 -0.0599466 0.316659
1882:6:16:0 0.00652414 -0.693693 -0.061542 0.384142
1882:7:16:0 -0.098738 -0.796673 -0.130782 0.364989
1882:8:16:0 0.0559152 -0.784806 -0.110347 0.503492
1882:9:16:0 -0.289962 -0.397396 -0.106354 -0.0380875
1882:10:16:0 -0.28949 -0.291218 -0.0731076 -0.107327
1882:11:16:0 -0.49988 -0.532274 0.0932989 -0.280392
1882:12:16:0 -0.431345 -0.642894 -0.0242683 -0.0977638
1883:1:16:0 -0.0960725 -0.794134 0.0719233 0.265033
1883:2:16:0 -0.079129 -0.616019 0.0761707 0.190795
1883:3:16:0 -0.118277 -0.607076 -0.0829225 0.226722
1883:4:16:0 -0.108137 -0.207108 -0.0889575 0.0398957
1883:5:16:0 -0.258924 -0.10373 -0.133466 -0.140327
1883:6:16:0 -0.138836 0.122147 -0.124603 -0.137608
1883:7:16:0 -0.00846497 -0.0736313 -0.0982248 0.0774631
1883:8:16:0 -0.151695 -0.434481 -0.201365 0.166228
1883:9:16:0 -0.140736 -0.339096 -0.224226 0.140925
1883:10:16:0 -0.0829724 -0.023605 -0.310113 0.0838864
1883:11:16:0 0.0213308 0.0967166 -0.291061 0.118503
1883:12:16:0 -0.0441547 -0.327397 -0.325529 0.282308
1884:1:16:0 0.064281 -0.213113 -0.433579 0.387627
1884:2:16:0 0.138483 -0.20896 -0.480974 0.48345
1884:3:16:0 0.156981 0.326869 -0.358202 0.172648
1884:4:16:0 0.230471 0.521655 -0.35735 0.148318
1884:5:16:0 0.495932 0.417041 -0.507566 0.541194
1884:6:16:0 0.0323869 0.222839 -0.116709 -0.0206781
1884:7:16:0 0.259365 0.0805336 -0.489972 0.464084
1884:8:16:0 0.197446 0.203245 -0.216076 0.203862
1884:9:16:0 0.144353 0.227605 -0.157724 0.109412
1884:10:16:0 0.0499732 0.275375 -0.216542 0.0205564
1884:11:16:0 -0.0137201 0.485777 -0.172221 -0.170498
1884:12:16:0 0.064293 0.638144 -0.201303 -0.154128
1885:1:16:0 -0.02936 0.355335 -0.115965 -0.149045
1885:2:16:0 0.106435 0.189905 -0.188769 0.105866
1885:3:16:0 0.221149 -0.126246 -0.113514 0.341029
1885:4:16:0 0.107509 -0.0884285 -0.197848 0.250648
1885:5:16:0 0.560737 -0.270521 -0.356403 0.874199
1885:6:16:0 0.269791 -0.480887 -0.46274 0.741604
1885:7:16:0 0.162544 -0.400275 -0.550308 0.637835
1885:8:16:0 0.311485 -0.10495 -0.490215 0.609068
1885:9:16:0 0.393564 0.105892 -0.466769 0.574003
1885:10:16:0 0.551674 0.127439 -0.554897 0.765403
1885:11:16:0 0.507993 0.244459 -0.467682 0.619604
1885:12:16:0 0.496712 0.250274 -0.191916 0.467533
1886:1:16:0 0.316226 -0.604312 -0.034874 0.635819
1886:2:16:0 0.205024 -0.745968 -0.0449335 0.600474
1886:3:16:0 0.375552 -0.710107 -0.0551146 0.758163
1886:4:16:0 0.103015 -0.538318 0.213421 0.265463
1886:5:16:0 -0.313441 -0.867385 0.0794156 0.0805436
1886:6:16:0 -0.402961 -1.06386 -0.039217 0.148579
1886:7:16:0 -0.560504 -0.695561 -0.0704897 -0.177478
1886:8:16:0 -0.682317 -0.929096 0.336166 -0.385852
1886:9:16:0 -0.694031 -0.553469 0.266111 -0.550352
1886:10:16:0 -0.60741 -0.603642 -0.0575847 -0.276796
1886:11:16:0 -0.750357 -0.528084 0.0685984 -0.520614
1886:12:16:0 -0.995071 -0.766439 0.0793728 -0.651538
1887:1:16:0 -0.50609 -0.69933 -0.115062 -0.0988933
1887:2:16:0 -0.339697 -0.721608 0.142863 -0.0503249
1887:3:16:0 -0.617118 -0.820153 0.251507 -0.332795
1887:4:16:0 -0.744162 -0.650314 0.176671 -0.50734
1887:5:16:0 -0.717543 -0.48228 0.187715 -0.570261
1887:6:16:0 -0.316355 -0.128617 -0.20058 -0.151757
1887:7:16:0 -0.251283 0.0248062 -0.294036 -0.116669
1887:8:16:0 -0.29485 -0.34163 0.0436242 -0.145847
1887:9:16:0 -0.278039 -0.0542974 -0.0477818 -0.226999
1887:10:16:0 -0.0798665 -0.0870374 -0.0412639 -0.0157159
1887:11:16:0 0.0772216 0.122853 -0.242635 0.137113
1887:12:16:0 -0.00970013 0.188379 0.00556175 -0.106671
1888:1:16:0 -0.0438585 0.153988 0.144407 -0.193056
1888:2:16:0 0.354058 0.225618 0.0899225 0.196288
1888:3:16:0 0.33807 0.28229 0.030032 0.181909
1888:4:16:0 0.299271 0.486577 -0.180794 0.146379
1888:5:16:0 0.224443 0.802088 -0.202446 -0.0753779
1888:6:16:0 0.283993 0.936129 -0.512063 0.0719604
1888:7:16:0 0.348704 0.533771 -0.428162 0.2959
1888:8:16:0 0.485899 0.463463 -0.38259 0.445462
1888:9:16:0 0.0274641 1.51832 -0.172857 -0.645268
1888:10:16:0 0.930347 1.62099 -0.503946 0.371825
1888:11:16:0 1.23405 1.71876 -0.396183 0.572758
1888:12:16:0 0.844254 1.34811 -0.0394564 0.189929
1889:1:16:0 0.924741 1.49873 -0.471316 0.411032
1889:2:16:0 0.732254 1.00907 -0.420881 0.43816
1889:3:16:0 0.474873 0.763198 -0.186474 0.186511
1889:4:16:0 0.261339 0.53966 -0.0687908 0.0259043
1889:5:16:0 0.264305 0.257282 -0.0178529 0.14459
1889:6:16:0 -0.0890936 -0.0509127 0.156533 -0.141904
1889:7:16:0 -0.244262 -0.321622 0.089789 -0.128345
1889:8:16:0 -0.34274 -0.548135 0.0105926 -0.0739686
1889:9:16:0 -0.397149 -0.594001 0.260337 -0.230317
1889:10:16:0 -0.789691 -0.830811 0.280383 -0.514477
1889:11:16:0 -0.720414 -0.543551 0.161955 -0.529616
1889:12:16:0 -0.847418 -0.263979 -0.0270939 -0.701881
1890:1:16:0 -1.50314 -0.525702 0.0293438 -1.25496
1890:2:16:0 -1.27999 -0.508325 0.0129047 -1.03228
1890:3:16:0 -0.604267 -0.423014 -0.171104 -0.307207
1890:4:16:0 -0.533537 -0.645721 -0.186478 -0.117438
1890:5:16:0 -0.530565 -0.712464 -0.177885 -0.085391
1890:6:16:0 -0.774033 -0.901043 -0.105528 -0.270748
1890:7:16:0 -0.716251 -0.741098 -0.10754 -0.291932
1890:8:16:0 -1.14913 -0.654305 0.0144306 -0.829188
1890:9:16:0 -1.07908 -0.622587 -0.0375671 -0.748999
1890:10:16:0 -0.946778 -0.668797 0.0137617 -0.61926
1890:11:16:0 -0.876613 -0.72624 0.0291124 -0.52805
1890:12:16:0 -0.557105 -0.484189 -0.0415262 -0.294248
1891:1:16:0 -0.332005 -0.252686 -0.170761 -0.120282
1891:2:16:0 -0.129142 -0.102452 -0.360519 0.102344
1891:3:16:0 -0.00223718 0.193051 -0.16634 -0.015593
1891:4:16:0 0.100556 0.457992 -0.291513 0.0173163
1891:5:16:0 0.159261 0.596348 -0.246601 -0.0156123
1891:6:16:0 0.129057 0.536869 -0.337652 0.0294489
1891:7:16:0 0.0124749 0.51552 -0.384445 -0.0530623
1891:8:16:0 0.0123154 0.177253 -0.488337 0.167858
1891:9:16:0 -0.0237997 -0.166512 -0.364266 0.241589
1891:10:16:0 0.0300619 -0.219929 -0.152 0.216026
1891:11:16:0 0.0867749 -0.0935485 -0.106645 0.186871
1891:12:16:0 0.0205304 -0.0146057 -0.0983131 0.0769898
1892:1:16:0 -0.298619 -0.0793948 0.0323719 -0.275108
1892:2:16:0 -0.222783 -0.238901 0.0839555 -0.14531
1892:3:16:0 -0.412455 -0.499938 0.0783701 -0.201671
1892:4:16:0 -0.56431 -0.591745 0.0705876 -0.303731
1892:5:16:0 -0.34364 -0.679436 0.117283 -0.0625633
1892:6:16:0 -0.348212 -0.698715 0.075001 -0.0363549
1892:7:16:0 -0.451535 -0.710332 -0.140181 -0.0262788
1892:8:16:0 -0.539541 -0.921616 -0.0202059 -0.0686304
1892:9:16:0 -0.809054 -1.10432 0.120561 -0.317172
1892:10:16:0 -1.14787 -1.37339 -0.0569118 -0.432717
1892:11:16:0 -1.13183 -1.20735 0.0563307 -0.556318
1892:12:16:0 -0.691647 -1.16559 -0.113109 -0.0523002
1893:1:16:0 -0.483918 -1.23442 -0.0381458 0.152367
1893:2:16:0 -0.513815 -1.02822 -0.0673861 0.0339874
1893:3:16:0 -0.677215 -0.83501 0.190143 -0.354781
1893:4:16:0 -0.9698 -0.824883 0.244156 -0.679437
1893:5:16:0 -0.953816 -0.754407 0.245026 -0.699126
1893:6:16:0 -0.979498 -0.766378 0.368714 -0.780666
1893:7:16:0 -1.25973 -0.801012 0.596161 -1.1573
1893:8:16:0 -1.251 -0.816836 0.427766 -1.05647
1893:9:16:0 -1.20445 -0.658724 0.152468 -0.951324
1893:10:16:0 -1.17911 -0.537229 0.0246354 -0.922813
1893:11:16:0 -1.039 -0.234095 -0.0430143 -0.900444
1893:12:16:0 -0.859433 -0.467381 -0.0908792 -0.580303
1894:1:16:0 -0.891931 -0.292625 -0.0553913 -0.717923
1894:2:16:0 -1.03648 -0.434768 0.0471057 -0.842644
1894:3:16:0 -0.863144 -0.448694 -0.0857243 -0.595935
1894:4:16:0 -0.779413 -0.466639 0.0254644 -0.558826
1894:5:16:0 -0.738319 -0.502777 0.0465175 -0.510189
1894:6:16:0 -0.696248 -0.399528 -0.108027 -0.442471
1894:7:16:0 -0.63044 -0.173222 0.0021096 -0.544884
1894:8:16:0 -0.575223 -0.330171 -0.149302 -0.335486
1894:9:16:0 -0.823251 -0.426028 0.0188966 -0.619685
1894:10:16:0 -0.625606 -0.392376 -0.102337 -0.37825
1894:11:16:0 -0.66039 -0.562701 -0.155209 -0.301435
1894:12:16:0 -0.435308 -0.330027 -0.210447 -0.16507
1895:1:16:0 -0.546142 -0.369835 -0.13524 -0.293605
1895:2:16:0 -0.338394 -0.391538 -0.143272 -0.070989
1895:3:16:0 -0.27927 -0.60705 -0.168647 0.108579
1895:4:16:0 -0.260232 -0.380131 -0.196649 0.0281579
1895:5:16:0 -0.227892 -0.265262 -0.178045 -0.00623871
1895:6:16:0 -0.223878 -0.284701 0.0977651 -0.13041
1895:7:16:0 -0.141727 -0.120625 -0.0129413 -0.0749433
1895:8:16:0 0.32181 0.251673 -0.0973768 0.244662
1895:9:16:0 0.222242 0.324853 -0.0915006 0.105566
1895:10:16:0 0.0241658 0.537182 -0.0693737 -0.209739
1895:11:16:0 0.155535 0.552642 -0.180705 -0.0304331
1895:12:16:0 0.0929894 0.56305 -0.0845388 -0.146266
1896:1:16:0 -0.0396494 0.531835 0.161798 -0.386466
1896:2:16:0 -0.100692 0.308772 0.0971726 -0.303664
1896:3:16:0 0.0784662 0.0960965 -0.0401949 0.0505154
1896:4:16:0 0.00880091 0.156021 0.0791059 -0.108762
1896:5:16:0 0.103697 0.39349 -0.0311864 -0.077455
1896:6:16:0 -0.157556 0.543468 -0.0928553 -0.382862
1896:7:16:0 0.366046 0.597406 -0.162402 0.148544
1896:8:16:0 0.65421 1.07454 -0.460583 0.347233
1896:9:16:0 0.671812 1.04849 -0.519426 0.407277
1896:10:16:0 0.564595 0.811648 -0.61289 0.465215
1896:11:16:0 0.758963 1.50882 -0.308656 0.15888
1896:12:16:0 0.685499 1.39192 -0.322226 0.150654
1897:1:16:0 0.639572 1.07771 -0.308555 0.254995
1897:2:16:0 0.51532 0.905054 -0.0821923 0.103889
1897:3:16:0 0.289664 0.80732 -0.0727155 -0.0776378
1897:4:16:0 -0.01693 0.471747 0.123133 -0.31437
1897:5:16:0 -0.0174033 0.446385 0.0572685 -0.26923
1897:6:16:0 0.0528616 0.320178 0.0415025 -0.127979
1897:7:16:0 0.177519 0.208631 -0.0373879 0.091898
1897:8:16:0 0.156782 0.208119 0.0582546 0.0235946
1897:9:16:0 0.104098 -0.0874398 -0.0681894 0.181912
1897:10:16:0 -0.152257 0.104123 0.426949 -0.417793
1897:11:16:0 -0.408203 -0.0989899 0.321906 -0.519661
1897:12:16:0 -0.40761 -0.288653 0.250095 -0.388331
1898:1:16:0 -0.531036 -0.32294 0.229225 -0.484179
1898:2:16:0 -0.453687 -0.347408 0.129541 -0.344754
1898:3:16:0 -0.433276 -0.399312 0.0492079 -0.258224
1898:4:16:0 -0.247864 -0.395258 -0.014086 -0.0431921
1898:5:16:0 -0.286924 -0.521915 0.029586 -0.0407591
1898:6:16:0 -0.183756 -0.510698 -0.161973 0.15258
1898:7:16:0 -0.366696 -0.00629767 -0.404339 -0.161378
1898:8:16:0 -0.543594 -0.078816 -0.503484 -0.252444
1898:9:16:0 -0.369904 -0.49736 -0.232791 -0.00482816
1898:10:16:0 -0.214772 -0.00556472 0.1065 -0.26524
1898:11:16:0 -0.420734 -0.0522337 0.054305 -0.421769
1898:12:16:0 -0.572194 -0.0994375 -0.0118772 -0.516537
1899:1:16:0 -0.677647 0.052183 0.064563 -0.73602
1899:2:16:0 -0.582471 -0.11019 0.0817476 -0.56825
1899:3:16:0 -0.439705 0.0725661 0.107432 -0.529704
1899:4:16:0 -0.248515 0.0901833 0.0460428 -0.316628
1899:5:16:0 -0.0313462 0.262871 -0.0148289 -0.155367
1899:6:16:0 -0.0771826 0.358341 -0.0366457 -0.23803
1899:7:16:0 0.147672 0.00657504 0.00824803 0.140261
1899:8:16:0 0.3328 1.03718 -0.0620738 -0.154755
1899:9:16:0 0.0885869 1.02717 -0.321457 -0.264268
1899:10:16:0 0.606334 0.942805 -0.493782 0.381823
1899:11:16:0 0.787686 1.00633 -0.37163 0.470338
1899:12:16:0 0.880187 0.839031 -0.31881 0.620076
1900:1:16:0 0.712374 1.1624 -0.302209 0.282281
1900:2:16:0 0.587747 1.24477 -0.0234632 -0.0229082
1900:3:16:0 0.512899 1.14473 -0.0260738 -0.0464271
1900:4:16:0 0.447012 0.848812 0.0933063 -0.024047
1900:5:16:0 0.41063 0.69297 0.0691953 0.0295467
1900:6:16:0 0.433361 0.812309 0.154778 -0.050182
1900:7:16:0 0.495548 0.569539 0.108217 0.15667
1900:8:16:0 0.508759 0.289079 0.0743676 0.327035
1900:9:16:0 0.475561 0.267486 0.0340572 0.324789
1900:10:16:0 0.460646 -0.013679 -0.174297 0.554633
1900:11:16:0 0.353503 -0.0163926 -0.10648 0.414939
1900:12:16:0 0.603642 0.10765 0.124314 0.48766
1901:1:16:0 0.629664 0.105315 -0.022942 0.588478
1901:2:16:0 0.301353 -0.0336827 -0.111777 0.374082
1901:3:16:0 0.232792 -0.266489 -0.0562922 0.394182
1901:4:16:0 0.16384 -0.24215 0.0629701 0.25343
1901:5:16:0 0.119109 -0.510902 0.0926325 0.328244
1901:6:16:0 -0.0237801 -0.571289 0.0974554 0.213137
1901:7:16:0 0.0336438 -0.435011 -0.122956 0.312627
1901:8:16:0 0.0869109 -0.282465 -0.155369 0.305828
1901:9:16:0 -0.140159 -0.320194 -0.134262 0.0870696
1901:10:16:0 -0.0896673 -0.0135452 -0.0342557 -0.0657669
1901:11:16:0 -0.23573 0.409935 -0.14196 -0.369717
1901:12:16:0 -0.224979 0.47914 -0.0606172 -0.434241
1902:1:16:0 -0.304476 0.526903 0.0883388 -0.612097
1902:2:16:0 -0.136628 0.445798 0.0266729 -0.372864
1902:3:16:0 -0.254764 0.653829 0.0687102 -0.616034
1902:4:16:0 0.271495 0.513934 0.105686 -0.0383148
1902:5:16:0 0.617094 0.596899 -0.39209 0.514689
1902:6:16:0 0.541514 1.0663 -0.470001 0.243363
1902:7:16:0 0.756772 1.20127 -0.400033 0.356153
1902:8:16:0 0.698748 0.847385 -0.404691 0.477401
1902:9:16:0 0.912148 0.906741 -0.648465 0.78301
1902:10:16:0 0.838775 1.38604 -0.581275 0.436395
1902:11:16:0 0.783002 1.21495 -0.547786 0.449422
1902:12:16:0 0.601837 0.617387 -0.450083 0.518185
1903:1:16:0 0.710361 0.34641 -0.305631 0.689971
1903:2:16:0 0.805754 -0.30275 -0.0835591 0.998909
1903:3:16:0 0.726704 -0.246536 -0.260241 0.980092
1903:4:16:0 0.485368 -0.537181 -0.153551 0.830734
1903:5:16:0 0.25138 -0.30563 -0.0873452 0.447867
1903:6:16:0 0.507055 -0.0275981 -0.463564 0.752635
1903:7:16:0 -0.0121502 -0.463083 -0.150442 0.294612
1903:8:16:0 0.224037 -0.708874 -0.153139 0.655044
1903:9:16:0 -0.0583816 -0.782204 -0.174339 0.41989
1903:10:16:0 -0.116711 -0.816848 -0.131809 0.357617
1903:11:16:0 -0.245762 -0.532551 -0.270815 0.155921
1903:12:16:0 -0.337434 -0.680365 -0.143855 0.0746758
1904:1:16:0 -0.67031 -0.0671023 -0.0255073 -0.624005
1904:2:16:0 -0.434829 -0.477109 -0.203737 -0.0944065
1904:3:16:0 -0.25436 -0.651332 -0.130528 0.136571
1904:4:16:0 -0.261121 -0.64723 -0.292503 0.208745
1904:5:16:0 -0.394432 0.0839868 -0.293518 -0.289666
1904:6:16:0 -0.0924585 0.0224885 -0.295503 0.0440486
1904:7:16:0 0.244168 0.525637 -0.295798 0.129248
1904:8:16:0 0.146949 0.835493 -0.548966 0.00368477
1904:9:16:0 0.0613493 0.513122 -0.310319 -0.0400523
1904:10:16:0 0.520226 0.74634 -0.401782 0.347947
1904:11:16:0 -0.141534 0.746131 -0.294268 -0.367466
1904:12:16:0 0.486548 0.491914 -0.109185 0.295183
1905:1:16:0 0.31063 0.514128 -0.407428 0.25728
1905:2:16:0 0.58779 0.135238 -0.290031 0.665186
1905:3:16:0 0.51103 0.636712 -0.222362 0.303855
1905:4:16:0 0.251923 0.0858055 -0.155643 0.286842
1905:5:16:0 0.585327 1.27233 -0.330574 0.114448
1905:6:16:0 0.336917 1.14094 -0.0270022 -0.220054
1905:7:16:0 0.714714 0.833457 -0.368456 0.482213
1905:8:16:0 0.699142 1.17685 -0.459557 0.340498
1905:9:16:0 0.978677 0.821507 -0.500922 0.818384
1905:10:16:0 0.620419 0.632261 -0.329538 0.469057
1905:11:16:0 0.568333 1.18743 -0.344188 0.146712
1905:12:16:0 0.594984 0.272971 -0.240866 0.578931
1906:1:16:0 0.320273 0.448016 -0.33701 0.26477
1906:2:16:0 0.426074 0.452119 -0.229668 0.314848
1906:3:16:0 0.855377 -0.0498364 -0.377491 1.06904
1906:4:16:0 0.387226 -0.047599 -0.257794 0.539922
1906:5:16:0 0.201704 -0.062904 -0.115112 0.290712
1906:6:16:0 0.25142 -0.0700729 -0.145807 0.359359
1906:7:16:0 0.0870489 -0.853697 0.0175417 0.505126
1906:8:16:0 0.249341 -1.04543 0.179451 0.682329
1906:9:16:0 -0.475292 -1.07092 0.260398 -0.0700308
1906:10:16:0 -0.531482 -0.769737 0.162335 -0.227781
1906:11:16:0 0.00213308 -0.457727 -0.0598497 0.260921
1906:12:16:0 -0.159386 -0.493229 0.0511134 0.0616719
1907:1:16:0 -0.272072 -0.443799 -0.11373 0.00669241
1907:2:16:0 -0.237903 -0.179907 -0.222731 -0.0365839
1907:3:16:0 -0.22918 -0.356314 -0.227785 0.0628693
1907:4:16:0 -0.313735 -0.476301 -0.325564 0.0871977
1907:5:16:0 -0.139061 -0.655398 -0.225245 0.301261
1907:6:16:0 -0.0674577 -0.247024 0.0279279 0.0420905
1907:7:16:0 -0.0874485 -0.705361 -0.0109084 0.270686
1907:8:16:0 -0.0886571 -1.0532 -0.104879 0.490382
1907:9:16:0 0.0986225 -0.102064 -0.295926 0.297618
1907:10:16:0 -0.276344 -0.585698 0.124536 -0.0457625
1907:11:16:0 -0.0793352 -0.417526 0.123608 0.0676237
1907:12:16:0 -0.122573 -0.436183 -0.0589504 0.124994
1908:1:16:0 -0.27157 -0.214211 -0.213207 -0.0578613
1908:2:16:0 -0.128229 -0.0202416 -0.207756 -0.0142303
1908:3:16:0 -0.318845 0.0255623 -0.0581525 -0.30255
1908:4:16:0 -0.220361 -0.858281 -0.0230807 0.22032
1908:5:16:0 -0.062494 -0.811272 0.00256128 0.341861
1908:6:16:0 -0.295768 0.0826884 -0.148319 -0.262952
1908:7:16:0 -0.31858 -0.587346 0.0449233 -0.0473691
1908:8:16:0 -0.305446 -0.520764 -0.138317 0.0240945
1908:9:16:0 -0.21763 -0.765946 -0.0929156 0.211801
1908:10:16:0 -0.318629 -0.435967 -0.161713 -0.0197888
1908:11:16:0 -0.550466 -0.862064 -0.0571628 -0.090853
1908:12:16:0 -0.698872 -0.867911 -0.269778 -0.130028
1909:1:16:0 -0.296553 0.0563954 -0.184072 -0.232714
1909:2:16:0 -0.482939 -0.775116 -0.100424 -0.0451689
1909:3:16:0 -0.332798 -0.182577 -0.332501 -0.0752589
1909:4:16:0 -0.362279 -0.677461 -0.189309 0.0711054
1909:5:16:0 0.0452996 -0.658759 0.0606392 0.34436
1909:6:16:0 -0.61155 -1.19011 0.185324 -0.109155
1909:7:16:0 -0.641646 -0.92765 0.205113 -0.280377
1909:8:16:0 -0.750237 -1.17916 0.293093 -0.307202
1909:9:16:0 -0.549449 -1.15598 0.246493 -0.0947081
1909:10:16:0 -0.84705 -1.03785 0.135252 -0.395753
1909:11:16:0 -0.982101 -1.09474 0.0593784 -0.464422
1909:12:16:0 -0.737475 -0.837068 0.0413913 -0.339636
1910:1:16:0 -0.895893 -1.05498 0.154565 -0.445687
1910:2:16:0 -0.631249 -0.597975 0.0543135 -0.359418
1910:3:16:0 -0.741615 -0.740095 -0.215602 -0.263766
1910:4:16:0 -0.930095 -0.738056 -0.18179 -0.470172
1910:5:16:0 -0.98446 -0.97068 0.0815755 -0.539908
1910:6:16:0 -0.890354 -0.821812 -0.0121365 -0.47338
1910:7:16:0 -0.743692 -0.682983 0.320995 -0.562698
1910:8:16:0 -0.728451 -0.658703 0.191299 -0.494749
1910:9:16:0 -0.998987 -0.807716 0.132274 -0.661266
1910:10:16:0 -0.864987 -0.870174 0.20352 -0.53166
1910:11:16:0 -0.682924 -0.587285 0.000251678 -0.389407
1910:12:16:0 -0.574629 -0.773142 -0.0567605 -0.159678
1911:1:16:0 -0.467838 -0.560926 -0.0164284 -0.17916
1911:2:16:0 -0.429844 -0.570735 -0.333787 0.022417
1911:3:16:0 -0.622591 -0.618644 -0.0380527 -0.294243
1911:4:16:0 -0.823625 -0.921788 0.0470663 -0.386264
1911:5:16:0 -0.605529 -0.990583 -0.21848 -0.000996947
1911:6:16:0 -0.661779 -0.418472 -0.220448 -0.342319
1911:7:16:0 -0.522511 0.0578164 -0.330398 -0.38622
1911:8:16:0 -0.720137 0.526382 -0.391656 -0.787501
1911:9:16:0 -0.337948 0.910995 -0.531544 -0.527673
1911:10:16:0 -0.203111 0.59256 -0.482612 -0.258085
1911:11:16:0 0.347286 0.866194 -0.643094 0.235736
1911:12:16:0 0.128856 1.25037 -0.422594 -0.285032
1912:1:16:0 0.532692 0.999106 -0.643612 0.354945
1912:2:16:0 0.441213 0.687199 -0.469734 0.33248
1912:3:16:0 0.465623 0.40591 -0.403483 0.46441
1912:4:16:0 0.408594 0.500624 -0.26257 0.289567
1912:5:16:0 0.00784073 0.182415 -0.346599 0.089933
1912:6:16:0 -0.00488304 -0.00272556 -0.140611 0.0667852
1912:7:16:0 0.0459834 -0.525853 -0.0928509 0.355335
1912:8:16:0 -0.14397 -0.282195 -0.059269 0.0267622
1912:9:16:0 -0.0176976 0.059069 -0.129262 0.0173989
1912:10:16:0 -0.11921 -0.149208 -0.116655 0.013722
1912:11:16:0 0.02817 -0.257307 -0.139832 0.22674
1912:12:16:0 -0.279745 -0.306753 -0.198273 -0.0272323
1913:1:16:0 -0.314387 0.110874 -0.334904 -0.202372
1913:2:16:0 0.183055 0.248598 -0.278758 0.198135
1913:3:16:0 0.160872 -0.240709 -0.393045 0.47775
1913:4:16:0 -0.342209 -1.1962 -0.255003 0.383394
1913:5:16:0 -0.166762 -0.514522 -0.422867 0.301933
1913:6:16:0 -0.274481 -0.0793222 -0.212955 -0.128342
1913:7:16:0 -0.327543 0.0037665 -0.280337 -0.189257
1913:8:16:0 -0.338762 0.332187 -0.333107 -0.338303
1913:9:16:0 0.0243212 0.299502 -0.486102 0.117621
1913:10:16:0 -0.149105 0.831757 -0.417646 -0.356161
1913:11:16:0 0.194191 0.683032 -0.313916 0.00963317
1913:12:16:0 0.182472 0.889246 -0.319923 -0.102189
1914:1:16:0 0.0416169 0.691695 -0.390229 -0.109116
1914:2:16:0 0.361079 0.302063 -0.411197 0.415646
1914:3:16:0 0.155411 0.376139 -0.241709 0.0881957
1914:4:16:0 0.418676 -0.0900109 -0.0861948 0.506779
1914:5:16:0 0.209974 -0.277086 -0.0582077 0.377621
1914:6:16:0 0.0838557 -0.0189368 -0.363235 0.274941
1914:7:16:0 0.222543 0.408911 -0.45101 0.243593
1914:8:16:0 0.467313 0.719236 -0.535033 0.375212
1914:9:16:0 0.288845 0.930383 -0.38107 0.0141891
1914:10:16:0 0.170476 0.75926 -0.446848 0.01427
1914:11:16:0 0.158829 0.552642 -0.467172 0.116094
1914:12:16:0 0.31065 0.729798 -0.474105 0.182803
1915:1:16:0 0.469522 0.559608 -0.409989 0.394713
1915:2:16:0 0.494683 0.375968 -0.45505 0.534224
1915:3:16:0 0.436405 0.465504 -0.360323 0.383815
1915:4:16:0 0.318577 0.718742 -0.303543 0.110978
1915:5:16:0 0.374891 1.0345 -0.118847 -0.0829369
1915:6:16:0 0.620193 1.50559 -0.0320303 -0.116587
1915:7:16:0 0.218719 0.355316 0.204602 -0.06124
1915:8:16:0 0.148097 0.000261206 0.269599 0.0131669
1915:9:16:0 0.216493 -0.0963671 0.268898 0.130227
1915:10:16:0 0.295324 -0.257837 0.0850975 0.381694
1915:11:16:0 0.0114903 -0.443138 -0.0285353 0.247327
1915:12:16:0 0.102411 -0.606987 0.0870171 0.362396
1916:1:16:0 0.0763209 -0.416939 0.0125045 0.278538
1916:2:16:0 -0.167629 -0.896446 0.0153184 0.272934
1916:3:16:0 -0.0917628 -0.671665 0.0105612 0.238789
1916:4:16:0 -0.0147303 -0.643325 0.085715 0.264075
1916:5:16:0 0.220841 -0.86561 -0.0926905 0.699992
1916:6:16:0 0.0651211 -0.951647 -0.089285 0.585587
1916:7:16:0 -0.554565 -1.51146 -0.0494711 0.225899
1916:8:16:0 -0.882419 -1.57937 0.216669 -0.20107
1916:9:16:0 -0.903791 -1.49077 0.197722 -0.257266
1916:10:16:0 -0.711825 -1.47212 0.172274 -0.0619035
1916:11:16:0 -0.988111 -1.58398 -0.0232759 -0.184486
1916:12:16:0 -0.826472 -1.04197 -0.0624338 -0.274269
1917:1:16:0 -0.806008 -0.91497 -0.111519 -0.292764
1917:2:16:0 -0.540262 -1.10839 -0.218255 0.123058
1917:3:16:0 -0.466681 -0.896727 -0.394053 0.178709
1917:4:16:0 -0.488789 -0.317484 -0.287255 -0.18642
1917:5:16:0 -0.598437 -0.160115 -0.444753 -0.296003
1917:6:16:0 -0.456219 -0.0839034 -0.310218 -0.259158
1917:7:16:0 -0.373661 0.454334 -0.226423 -0.487617
1917:8:16:0 -0.29968 0.213343 -0.0832411 -0.364731
1917:9:16:0 -0.346348 -0.0673027 0.00992265 -0.317658
1917:10:16:0 -0.198601 -0.353346 -0.0868526 0.0214976
1917:11:16:0 -0.463052 -0.449659 -0.178178 -0.149133
1917:12:16:0 -0.503294 -0.898045 -0.248317 0.0698875
1918:1:16:0 -0.512491 -0.702454 -0.303523 -0.00950181
1918:2:16:0 -0.505155 -0.528373 -0.420409 -0.0307636
1918:3:16:0 -0.465069 -0.268228 -0.276781 -0.192565
1918:4:16:0 -0.441085 0.119769 -0.345358 -0.328291
1918:5:16:0 -0.275163 0.62292 -0.347321 -0.412963
1918:6:16:0 0.114697 1.17384 -0.405765 -0.269341
1918:7:16:0 -0.109486 1.24595 -0.371491 -0.546715
1918:8:16:0 0.0534162 1.08194 -0.513299 -0.230906
1918:9:16:0 0.302138 1.10566 -0.580335 0.0394766
1918:10:16:0 0.514146 1.29728 -0.461214 0.0961111
1918:11:16:0 0.524628 1.34302 -0.458333 0.0822866
1918:12:16:0 0.493723 1.14766 -0.488521 0.164152
1919:1:16:0 0.757868 1.04258 -0.286755 0.379957
1919:2:16:0 0.588258 0.633677 -0.129655 0.336247
1919:3:16:0 0.630466 0.340127 -0.116811 0.518808
1919:4:16:0 0.518886 0.589595 -0.0808439 0.264511
1919:5:16:0 0.567791 0.886793 -0.112921 0.180856
1919:6:16:0 0.430536 0.810004 -0.104562 0.0778149
1919:7:16:0 0.169082 0.47195 -0.238012 0.0521129
1919:8:16:0 0.34378 0.317885 -0.277437 0.323556
1919:9:16:0 0.263032 0.517096 -0.221529 0.115249
1919:10:16:0 0.0171013 0.205214 -0.387175 0.108082
1919:11:16:0 -0.286545 -0.287967 -0.290107 0.00249213
1919:12:16:0 0.195516 0.187979 -0.226992 0.215023
1920:1:16:0 0.235742 0.706635 -0.403421 0.0841349
1920:2:16:0 0.21674 0.574306 -0.375024 0.117099
1920:3:16:0 0.280792 0.330933 -0.298983 0.264817
1920:4:16:0 -0.0519901 0.288691 -0.149653 -0.121509
1920:5:16:0 0.0631265 0.423085 0.0597534 -0.178293
1920:6:16:0 0.247931 -0.0859825 -0.0492185 0.315532
1920:7:16:0 0.214852 -0.876558 -0.228719 0.76749
1920:8:16:0 0.150307 -0.266963 -0.13769 0.352634
1920:9:16:0 0.253891 -0.353081 -0.140306 0.500584
1920:10:16:0 0.570752 -0.705135 -0.162112 1.00437
1920:11:16:0 -0.0361057 -0.183405 -0.234925 0.173059
1920:12:16:0 -0.2971 -0.00841702 -0.190027 -0.197878
1921:1:16:0 0.0111331 -0.235639 -0.0620548 0.15998
1921:2:16:0 -0.388323 -0.205804 -0.103614 -0.233614
1921:3:16:0 -0.879882 -0.495425 -0.0672612 -0.598539
1921:4:16:0 -0.211727 -0.519714 -0.290517 0.193389
1921:5:16:0 -0.590584 -0.392051 -0.145241 -0.321938
1921:6:16:0 -0.337954 -0.361216 0.147178 -0.230935
1921:7:16:0 -0.182671 -0.285523 0.0181024 -0.0489602
1921:8:16:0 -0.00985439 -0.720159 -0.0680202 0.384235
1921:9:16:0 -0.111976 -0.766251 0.0264081 0.257946
1921:10:16:0 0.0230272 -0.271654 -0.0115659 0.164637
1921:11:16:0 -0.44206 -0.319804 -0.000144474 -0.282086
1921:12:16:0 -0.0110336 -0.539191 -0.0695272 0.293326
1922:1:16:0 -0.27145 -0.571895 -0.105732 0.0673635
1922:2:16:0 0.109036 0.181603 -0.34595 0.19121
1922:3:16:0 0.162311 -0.153299 -0.312253 0.395086
1922:4:16:0 -0.236313 -0.149372 -0.113963 -0.104645
1922:5:16:0 0.162658 -0.167697 -0.134737 0.313875
1922:6:16:0 -0.261619 -0.695486 -0.135902 0.154075
1922:7:16:0 -0.0113011 -0.801268 -0.168496 0.473581
1922:8:16:0 -0.177166 -1.00309 -0.412748 0.530752
1922:9:16:0 -0.135085 -0.963338 -0.412463 0.552816
1922:10:16:0 -0.203344 -0.567109 -0.150041 0.155231
1922:11:16:0 -0.0716658 -1.11694 0.0216562 0.475975
1922:12:16:0 -0.434263 -0.823812 -0.0312188 -0.00674742
1923:1:16:0 -0.145218 -0.226568 -0.0797301 0.00793105
1923:2:16:0 -0.245873 -0.150495 -0.157326 -0.0919627
1923:3:16:0 -0.193299 -0.536207 -0.294977 0.222293
1923:4:16:0 -0.0299629 0.0453944 -0.44195 0.168315
1923:5:16:0 -0.0594538 -0.172504 -0.346365 0.199981
1923:6:16:0 -0.0241711 0.288281 -0.213418 -0.0616027
1923:7:16:0 -0.175407 0.424542 -0.30532 -0.235018
1923:8:16:0 0.0775813 -0.107436 -0.506287 0.384443
1923:9:16:0 0.326693 0.116001 -0.680283 0.608835
1923:10:16:0 0.510716 0.0910854 -0.465378 0.697863
1923:11:16:0 0.613297 0.152655 -0.310586 0.692262
1923:12:16:0 0.432664 0.163282 -0.374849 0.538447
1924:1:16:0 0.169445 -0.532855 -0.340301 0.606022
1924:2:16:0 0.187112 -0.261825 -0.219253 0.427651
1924:3:16:0 0.339362 -0.617697 -0.234625 0.765523
1924:4:16:0 0.0766668 -0.496469 -0.0469378 0.34837
1924:5:16:0 -0.305546 -0.958284 0.145771 0.100711
1924:6:16:0 -0.0930627 -0.78662 0.0947029 0.252896
1924:7:16:0 -0.308749 -0.8045 0.111508 0.0377465
1924:8:16:0 -0.439134 -0.75538 0.0382399 -0.0805637
1924:9:16:0 -0.450819 -0.804516 0.143185 -0.120153
1924:10:16:0 -0.410277 -0.513623 0.101448 -0.204189
1924:11:16:0 -0.774678 -0.633338 0.0787499 -0.497385
1924:12:16:0 -0.389355 -0.71819 -0.236981 0.0882306
1925:1:16:0 -0.763707 -0.590288 0.0220137 -0.47957
1925:2:16:0 -0.580138 0.401386 -0.368958 -0.596352
1925:3:16:0 -0.477184 0.481155 -0.246469 -0.594527
1925:4:16:0 -0.29785 0.52613 -0.416331 -0.35275
1925:5:16:0 -0.263107 0.137545 -0.33196 -0.165899
1925:6:16:0 -0.435255 0.616161 -0.266703 -0.609983
1925:7:16:0 0.12001 0.75696 -0.300648 -0.108146
1925:8:16:0 0.301089 0.814255 -0.391482 0.0897022
1925:9:16:0 0.467783 0.704716 -0.397717 0.314284
1925:10:16:0 0.476373 0.719369 -0.421987 0.327682
1925:11:16:0 0.678148 0.767745 -0.424722 0.506637
1925:12:16:0 0.807691 1.09828 -0.24119 0.379147
1926:1:16:0 0.644126 1.2028 -0.412093 0.24877
1926:2:16:0 0.766826 0.772784 -0.0140171 0.387443
1926:3:16:0 0.735177 0.936944 -0.126629 0.33002
1926:4:16:0 0.500009 0.765961 0.130314 0.0518716
1926:5:16:0 0.642026 0.736915 0.169116 0.18901
1926:6:16:0 0.602516 0.409319 0.0225114 0.386601
1926:7:16:0 0.424697 0.61204 -0.11602 0.176687
1926:8:16:0 0.278402 0.0024111 0.150891 0.201751
1926:9:16:0 0.168525 -0.21971 0.146273 0.205243
1926:10:16:0 -0.137892 0.00714289 0.155286 -0.219106
1926:11:16:0 -0.185063 -0.113413 -0.163453 -0.0466298
1926:12:16:0 -0.0905782 0.168916 -0.0202513 -0.164911
1927:1:16:0 0.147783 0.190838 -0.0970173 0.100872
1927:2:16:0 0.231816 0.535532 -0.134421 0.0312606
1927:3:16:0 -0.0880248 -0.0261144 0.0917164 -0.120826
1927:4:16:0 0.065252 -0.0407023 0.107709 0.0317487
1927:5:16:0 -0.333291 -0.173522 -0.115826 -0.188616
1927:6:16:0 0.0258175 -0.151203 0.134951 0.0339435
1927:7:16:0 -0.0435752 -0.383465 -0.0192053 0.15776
1927:8:16:0 0.126755 -0.132956 -0.206075 0.29627
1927:9:16:0 0.00432717 0.0211581 -0.251914 0.119705
1927:10:16:0 0.182453 -0.129251 -0.165259 0.329708
1927:11:16:0 -0.0120302 0.0093393 -0.0271733 -0.00311323
1927:12:16:0 0.296909 -0.156804 -0.126525 0.438574
1928:1:16:0 0.431279 -0.0635445 0.107514 0.409294
1928:2:16:0 0.231134 -0.0602715 -0.0276171 0.275078
1928:3:16:0 0.103871 0.102125 -0.128838 0.117228
1928:4:16:0 0.146883 -0.172105 -0.0436321 0.254751
1928:5:16:0 0.232766 -0.103445 -0.1904 0.379689
1928:6:16:0 0.109488 -0.436601 -0.169517 0.412547
1928:7:16:0 0.0157828 -0.392956 -0.246447 0.335484
1928:8:16:0 0.0114818 -0.386469 -0.153762 0.281597
1928:9:16:0 0.0636598 -0.347368 -0.0693775 0.272033
1928:10:16:0 0.0287416 -0.434281 -0.0656229 0.278693
1928:11:16:0 0.0965573 -0.469861 -0.0429666 0.352971
1928:12:16:0 -0.152502 -0.520862 0.0868741 0.064492
1929:1:16:0 -0.146368 -0.546177 -0.214213 0.233827
1929:2:16:0 -0.101194 -0.137444 -0.159369 0.0472117
1929:3:16:0 -0.0463019 -0.0102107 -0.093106 0.00535638
1929:4:16:0 1.68614e-05 0.450565 -0.33374 -0.0583956
1929:5:16:0 -0.102075 0.305171 -0.393698 -0.0578117
1929:6:16:0 0.0781271 0.331552 -0.372917 0.0988097
1929:7:16:0 0.168207 0.0516519 -0.536401 0.410582
1929:8:16:0 0.146833 0.097751 -0.295751 0.245833
1929:9:16:0 0.190033 0.364642 -0.239072 0.127248
1929:10:16:0 0.279135 -0.0467181 -0.248697 0.426843
1929:11:16:0 0.267444 -0.00806676 -0.108686 0.32582
1929:12:16:0 0.501721 -0.0676659 -0.197368 0.634238
1930:1:16:0 0.498896 -0.407277 -0.396679 0.900874
1930:2:16:0 0.490304 -0.261512 -0.338742 0.790431
1930:3:16:0 0.443439 0.0369289 -0.456492 0.653221
1930:4:16:0 0.390571 0.429771 -0.502741 0.427055
1930:5:16:0 -0.0122901 0.187861 -0.453297 0.120428
1930:6:16:0 0.258874 0.420413 -0.403288 0.250311
1930:7:16:0 0.429285 0.739976 -0.423267 0.27093
1930:8:16:0 0.321949 0.96647 -0.154089 -0.0842412
1930:9:16:0 0.668561 1.06005 -0.438784 0.357929
1930:10:16:0 0.610976 1.46094 -0.0785091 -0.080241
1930:11:16:0 0.96095 1.37062 -0.21841 0.384843
1930:12:16:0 0.648709 1.31771 -0.252109 0.115907
1931:1:16:0 0.76327 1.4026 -0.0560206 0.0899817
1931:2:16:0 0.921822 0.976137 -0.0325808 0.450044
1931:3:16:0 0.560103 1.03754 0.0940828 -0.00570679
1931:4:16:0 0.523675 0.921218 -0.137304 0.131718
1931:5:16:0 0.553035 0.24395 -0.0962953 0.479207
1931:6:16:0 0.582249 0.153049 0.114995 0.448227
1931:7:16:0 0.468587 0.422854 0.131259 0.191531
1931:8:16:0 0.396603 -0.114756 0.0630123 0.422475
1931:9:16:0 -0.0371266 -0.195666 0.185406 -0.0319965
1931:10:16:0 0.0128401 0.24503 -0.0748023 -0.0722737
1931:11:16:0 0.0625742 -0.227549 -0.0425464 0.197622
1931:12:16:0 -0.151242 -0.18094 0.132517 -0.12703
1932:1:16:0 -0.221253 0.360272 -0.137364 -0.332707
1932:2:16:0 -0.122829 0.599221 -0.00779247 -0.418544
1932:3:16:0 0.163876 0.614098 -0.159278 -0.0635337
1932:4:16:0 -0.0159341 0.467043 -0.147476 -0.175718
1932:5:16:0 0.0582416 0.925939 -0.42026 -0.194598
1932:6:16:0 0.105149 0.92467 -0.255678 -0.229347
1932:7:16:0 -0.174702 0.544824 -0.338082 -0.278073
1932:8:16:0 0.0946345 0.497237 -0.3818 0.0369163
1932:9:16:0 0.107853 -0.0116044 -0.200388 0.213849
1932:10:16:0 0.13056 0.181176 -0.0730137 0.0764787
1932:11:16:0 0.0731554 -0.104604 -0.179343 0.215129
1932:12:16:0 -0.17846 -0.0900634 -0.244551 -0.0111529
1933:1:16:0 -0.0106851 -0.250355 -0.01343 0.121207
1933:2:16:0 -0.123142 0.23467 -0.192099 -0.144428
1933:3:16:0 -0.0994764 0.055445 -0.0847154 -0.0848413
1933:4:16:0 0.00526317 0.0456009 0.0271349 -0.0311047
1933:5:16:0 -0.313187 -0.349577 0.0515482 -0.164173
1933:6:16:0 -0.543474 -0.250149 0.0542808 -0.44554
1933:7:16:0 -0.377799 -0.527495 -0.0511986 -0.0884523
1933:8:16:0 -0.583931 -0.391715 -0.027479 -0.374334
1933:9:16:0 -0.652731 -0.436607 0.131815 -0.500334
1933:10:16:0 -0.928322 -0.519876 0.11188 -0.724324
1933:11:16:0 -0.65322 -0.35312 0.0696327 -0.511477
1933:12:16:0 -0.861922 -0.478123 0.0619006 -0.653811
1934:1:16:0 -0.730574 -0.169214 0.142779 -0.717357
1934:2:16:0 -0.65673 -0.376026 -0.091017 -0.423209
1934:3:16:0 -0.693888 0.09948 -0.0907164 -0.69827
1934:4:16:0 -0.340481 0.274075 -0.151375 -0.401831
1934:5:16:0 -0.431745 -0.0240389 -0.315844 -0.261803
1934:6:16:0 -0.260955 0.288624 -0.175012 -0.317761
1934:7:16:0 -0.304838 -0.364144 -0.0859456 -0.0797932
1934:8:16:0 -0.404714 0.287625 0.00145656 -0.549255
1934:9:16:0 -0.337602 0.398129 -0.179409 -0.446962
1934:10:16:0 -0.234851 -0.115692 -0.0664223 -0.143794
1934:11:16:0 -0.123483 -0.193023 0.0427191 -0.0483312
1934:12:16:0 -0.225752 -0.561985 0.0232879 0.0435966
1935:1:16:0 -0.217538 -0.612792 -0.0701053 0.123911
1935:2:16:0 -0.0128368 -0.976177 0.148783 0.40086
1935:3:16:0 -0.164844 -0.195445 -0.0785754 -0.0278336
1935:4:16:0 -0.318977 0.226709 -0.0652933 -0.399685
1935:5:16:0 -0.403824 0.161161 -0.05706 -0.455874
1935:6:16:0 -0.199139 -0.2803 -0.160605 0.0213132
1935:7:16:0 -0.339778 -0.493814 -0.248059 0.0311584
1935:8:16:0 0.126553 0.146714 -0.0464733 0.0764325
1935:9:16:0 0.112751 0.292695 -0.228262 0.0805345
1935:10:16:0 0.229942 0.0565335 -0.187643 0.295497
1935:11:16:0 0.209038 0.3212 -0.137267 0.117072
1935:12:16:0 -0.0225135 0.248394 -0.0988348 -0.0972933
1936:1:16:0 0.314163 -0.104086 -0.152961 0.442686
1936:2:16:0 0.224209 0.278575 -0.00316869 0.0865054
1936:3:16:0 0.125561 0.035119 -0.0350111 0.125507
1936:4:16:0 0.312332 0.275998 -0.174573 0.261619
1936:5:16:0 0.40985 0.0906269 -0.284915 0.506994
1936:6:16:0 0.00806438 -0.224397 0.0168616 0.111832
1936:7:16:0 -0.0194884 0.174957 0.0482124 -0.131073
1936:8:16:0 -0.0704732 -0.113443 0.104261 -0.0658823
1936:9:16:0 0.0191411 0.235652 -0.0136406 -0.0918646
1936:10:16:0 0.306205 0.516997 0.0274945 0.0339594
1936:11:16:0 0.020124 0.249877 0.0897821 -0.149706
1936:12:16:0 0.42895 0.164178 0.140989 0.276366
1937:1:16:0 -0.0823097 0.277119 -0.0285283 -0.206605
1937:2:16:0 0.314813 0.257605 -0.00294183 0.187482
1937:3:16:0 0.611763 -0.321915 -0.0633738 0.804407
1937:4:16:0 0.169949 0.10981 -0.0371897 0.133639
1937:5:16:0 -0.0588364 -0.533056 -0.00270061 0.209042
1937:6:16:0 -0.141432 -0.224309 0.172239 -0.115397
1937:7:16:0 0.249998 0.0869926 -0.0297878 0.221395
1937:8:16:0 0.0400292 -0.253896 -0.0783689 0.206162
1937:9:16:0 0.0932097 0.209848 -0.0203128 -0.00155766
1937:10:16:0 0.0521024 -0.233262 0.0156636 0.160902
1937:11:16:0 0.267785 -0.341639 0.216878 0.330165
1937:12:16:0 -0.0230995 -0.233547 0.20709 -0.00987086
1938:1:16:0 -0.0550862 -0.434706 0.0299799 0.147277
1938:2:16:0 0.0237876 -0.479848 0.0428667 0.242278
1938:3:16:0 0.0796849 -0.41119 0.149324 0.210618
1938:4:16:0 -0.0665022 -0.840466 0.216634 0.245414
1938:5:16:0 -0.33161 -0.0974662 0.0828417 -0.324298
1938:6:16:0 -0.50981 -1.00846 0.00901804 -0.0100911
1938:7:16:0 -0.388723 -1.55366 0.261639 0.257286
1938:8:16:0 -0.485243 -0.744218 0.20527 -0.215769
1938:9:16:0 -0.0685868 -0.330686 0.0832575 0.0551274
1938:10:16:0 -0.580061 -0.141172 0.0858322 -0.552391
1938:11:16:0 -0.452791 -0.419142 0.173733 -0.330087
1938:12:16:0 -0.404345 -0.870383 -0.0812457 0.0714689
1939:1:16:0 -0.420584 -0.248279 -0.0998873 -0.246501
1939:2:16:0 -0.551265 -0.252047 -0.176618 -0.336932
1939:3:16:0 -0.399343 -0.487588 -0.220002 -0.0455476
1939:4:16:0 -0.0742606 -0.210339 -0.0180619 0.0399396
1939:5:16:0 -0.0980711 0.163996 -0.143208 -0.108465
1939:6:16:0 -0.0706447 0.405855 -0.182207 -0.182469
1939:7:16:0 0.241238 0.109307 0.109542 0.131814
1939:8:16:0 -0.0332971 0.307369 0.013764 -0.193864
1939:9:16:0 0.678918 -0.195567 -0.0634016 0.808403
1939:10:16:0 -0.415951 0.149339 -0.249654 -0.365793
1939:11:16:0 0.0900631 0.201209 -0.0763118 0.0276145
1939:12:16:0 0.312679 0.235894 0.0620336 0.163715
1940:1:16:0 0.624242 0.758548 -0.0444891 0.267212
1940:2:16:0 0.735289 0.764753 -0.137348 0.421587
1940:3:16:0 0.718885 0.704387 -0.164517 0.44895
1940:4:16:0 0.526483 0.668162 -0.09664 0.240722
1940:5:16:0 0.422811 0.31301 -0.188971 0.360792
1940:6:16:0 0.649838 0.376273 -0.132447 0.527925
1940:7:16:0 0.501565 0.0934538 0.00934656 0.450164
1940:8:16:0 0.467757 0.498119 -0.22666 0.332028
1940:9:16:0 0.222457 0.366067 -0.0360801 0.0574639
1940:10:16:0 0.436744 0.381869 -0.0130973 0.252358
1940:11:16:0 0.674013 0.252271 0.00594677 0.544904
1940:12:16:0 0.885775 0.470612 -0.119608 0.710273
1941:1:16:0 0.849077 0.741857 -0.060844 0.508571
1941:2:16:0 0.766847 0.972386 -0.0392377 0.300273
1941:3:16:0 0.992133 1.26279 -0.0201894 0.370832
1941:4:16:0 1.04757 1.2749 0.0328178 0.393706
1941:5:16:0 1.01817 1.15007 -0.105532 0.495898
1941:6:16:0 0.670157 0.441778 -0.110451 0.504494
1941:7:16:0 0.716118 0.292601 -0.181005 0.66032
1941:8:16:0 0.660786 0.642486 -0.278979 0.479033
1941:9:16:0 0.635409 0.615506 -0.307268 0.481289
1941:10:16:0 0.840797 0.840151 -0.186246 0.513844
1941:11:16:0 0.967706 1.18027 -0.141897 0.448519
1941:12:16:0 0.995199 1.3459 0.109757 0.26737
1942:1:16:0 0.658572 0.656448 0.0475377 0.306579
1942:2:16:0 0.506657 0.153413 -0.122152 0.491026
1942:3:16:0 0.203854 -0.095559 -0.239404 0.371335
1942:4:16:0 0.539821 -0.371832 -0.0512212 0.751348
1942:5:16:0 0.0662864 -0.171843 0.0910723 0.106672
1942:6:16:0 -0.0436012 -0.685242 -0.0803399 0.33919
1942:7:16:0 -0.0254896 -0.91686 -0.0626817 0.464281
1942:8:16:0 -0.246823 -1.07555 0.00725678 0.287326
1942:9:16:0 -0.385034 -0.858577 0.147695 -0.0295931
1942:10:16:0 -0.478171 -0.870302 0.0402147 -0.0631278
1942:11:16:0 -0.567092 -0.864028 -0.0987949 -0.0856807
1942:12:16:0 -0.643782 -0.501164 0.0562842 -0.421342
1943:1:16:0 -0.833813 -0.110729 0.0880924 -0.822495
1943:2:16:0 -0.614878 -0.139428 0.108959 -0.599643
1943:3:16:0 -0.457907 -0.34667 -0.034625 -0.26726
1943:4:16:0 -0.281612 0.135243 0.000565254 -0.349516
1943:5:16:0 -0.0691911 0.332399 0.00925119 -0.240016
1943:6:16:0 0.0281846 0.239988 -0.117634 -0.0329926
1943:7:16:0 0.120364 0.381882 -0.304525 0.0816857
1943:8:16:0 0.178747 0.206067 -0.444004 0.297716
1943:9:16:0 0.0220769 -0.184159 -0.0868537 0.157583
1943:10:16:0 -0.195045 0.311279 0.165153 -0.433261
1943:11:16:0 -0.218537 -0.13731 0.226516 -0.26314
1943:12:16:0 -0.194626 -0.0894843 0.316859 -0.308313
1944:1:16:0 -0.14987 -0.338891 0.220978 -0.0909137
1944:2:16:0 -0.044728 0.0377696 0.120644 -0.123935
1944:3:16:0 0.0757859 0.161919 -0.124015 0.0568336
1944:4:16:0 0.129199 0.378979 -0.0460217 -0.037279
1944:5:16:0 0.276646 0.167142 0.091389 0.147381
1944:6:16:0 0.183507 0.413334 0.11289 -0.0796055
1944:7:16:0 0.333951 0.374919 0.327922 -0.0174699
1944:8:16:0 0.168819 0.25133 0.248693 -0.0811922
1944:9:16:0 0.0960497 0.306253 0.466051 -0.290102
1944:10:16:0 0.138907 -0.0881324 0.16559 0.100178
1944:11:16:0 0.164728 -0.370252 0.348709 0.1755
1944:12:16:0 0.116925 -0.424386 0.513521 0.0723572
1945:1:16:0 -0.0591962 -0.325193 0.542502 -0.167851
1945:2:16:0 -0.127372 0.440671 0.807364 -0.75139
1945:3:16:0 -0.411795 -0.270604 0.449127 -0.501056
1945:4:16:0 -0.48252 0.100467 0.389444 -0.727476
1945:5:16:0 -0.385129 0.554915 0.44402 -0.884596
1945:6:16:0 -0.407834 0.195809 0.35443 -0.682953
1945:7:16:0 -0.270519 0.260652 0.343278 -0.572485
1945:8:16:0 -0.36905 0.318143 0.411199 -0.733721
1945:9:16:0 -0.242986 0.597116 0.0553021 -0.569195
1945:10:16:0 -0.240127 0.541768 0.023879 -0.52295
1945:11:16:0 -0.0556387 0.587262 0.269282 -0.483911
1945:12:16:0 -0.18688 0.0857075 0.258293 -0.35888
1946:1:16:0 -0.0881208 -0.425447 0.182267 0.0334694
1946:2:16:0 -0.0177164 -0.650152 0.491601 0.0615592
1946:3:16:0 -0.0922777 -0.569908 0.348107 0.0186231
1946:4:16:0 -0.114163 -0.260596 0.0322321 1.91405e-05
1946:5:16:0 0.0722238 -0.230979 -0.106108 0.240767
1946:6:16:0 0.445491 -0.644783 -0.547313 1.04154
1946:7:16:0 0.223088 -0.356619 -0.470721 0.636758
1946:8:16:0 0.0704646 -0.558356 -0.233801 0.466543
1946:9:16:0 0.285696 0.184465 -0.457298 0.422113
1946:10:16:0 0.159682 -0.278466 -0.309298 0.453564
1946:11:16:0 0.206075 -0.374274 -0.178867 0.482645
1946:12:16:0 0.562423 -0.158386 -0.306218 0.794725
1947:1:16:0 0.382712 0.121122 -0.321336 0.482819
1947:2:16:0 0.0754893 -0.148495 -0.297562 0.298518
1947:3:16:0 0.411928 0.205358 -0.303776 0.461138
1947:4:16:0 0.0116408 -0.0438976 -0.421286 0.244233
1947:5:16:0 -0.0435775 -0.182873 -0.0544259 0.0750719
1947:6:16:0 0.516909 -0.353307 0.122865 0.63213
1947:7:16:0 -0.128255 -0.401782 -0.157899 0.151585
1947:8:16:0 -0.105921 -0.391052 -0.0939507 0.13658
1947:9:16:0 -0.440256 -0.250847 -0.0922361 -0.268714
1947:10:16:0 -0.493803 -0.168647 -0.00252138 -0.408219
1947:11:16:0 -0.554224 0.0423196 -0.300366 -0.425201
1947:12:16:0 0.100021 0.0103677 -0.411008 0.300341
1948:1:16:0 0.125475 -0.0467684 -0.297068 0.297393
1948:2:16:0 -0.167496 0.341129 -0.133636 -0.271242
1948:3:16:0 0.275588 0.411099 -0.181033 0.160555
1948:4:16:0 0.132764 -0.00100373 -0.227124 0.246828
1948:5:16:0 0.412557 0.00788793 -0.372427 0.594826
1948:6:16:0 0.478816 -0.295608 -0.420612 0.836926
1948:7:16:0 0.0505869 -0.552516 -0.294819 0.474254
1948:8:16:0 -0.0552896 -0.106481 -0.23813 0.117016
1948:9:16:0 -0.0585689 -0.499683 -0.308109 0.345327
1948:10:16:0 -0.190649 -0.383716 -0.196158 0.0992877
1948:11:16:0 -0.0694914 -0.00904516 -0.365165 0.117614
1948:12:16:0 -0.0360969 -0.335393 -0.313216 0.288208
1949:1:16:0 -0.00232325 -0.452767 -0.31646 0.38229
1949:2:16:0 0.392481 0.0414386 -0.404096 0.57381
1949:3:16:0 -0.225249 0.248254 -0.365535 -0.166608
1949:4:16:0 0.0889689 0.341153 -0.288341 0.0625632
1949:5:16:0 -0.0431201 0.0540688 -0.435156 0.147424
1949:6:16:0 -0.25261 -0.0963222 -0.420783 0.00594282
1949:7:16:0 -0.0508315 -0.669352 -0.310512 0.439101
1949:8:16:0 -0.0246027 -0.547984 -0.318878 0.408828
1949:9:16:0 -0.544524 -0.734845 -0.21962 -0.0672915
1949:10:16:0 -0.425401 -1.08764 -0.112901 0.17487
1949:11:16:0 -0.924842 -1.01222 -0.104078 -0.366694
1949:12:16:0 -0.621516 -0.662973 -0.0647415 -0.257658
1950:1:16:0 -0.448236 -0.952762 -0.282614 0.169452
1950:2:16:0 -0.865889 -1.06179 0.0165542 -0.34327
1950:3:16:0 -0.760606 -0.54573 0.093242 -0.534362
1950:4:16:0 -0.57266 -0.783044 0.00585692 -0.184067
1950:5:16:0 -0.666082 -0.712234 -0.15596 -0.231985
1950:6:16:0 -0.449193 -0.827189 0.0276455 -0.0494208
1950:7:16:0 -0.722718 -0.91513 9.6199e-05 -0.265201
1950:8:16:0 -0.662209 -0.294302 -0.087014 -0.471551
1950:9:16:0 -0.659705 -0.806296 -0.0558292 -0.228642
1950:10:16:0 -0.75194 -0.739854 -0.158301 -0.302863
1950:11:16:0 -0.989961 -1.19263 0.0181802 -0.402733
1950:12:16:0 -0.574331 -0.717037 -0.307176 -0.0622244
1951:1:16:0 -0.905057 -0.111854 -0.213281 -0.74249
1951:2:16:0 -0.712128 -0.284259 -0.243066 -0.448465
1951:3:16:0 -0.601324 -0.327512 -0.352866 -0.261135
1951:4:16:0 -0.374381 0.0158951 -0.302054 -0.231302
1951:5:16:0 -0.0861187 0.224888 -0.328488 -0.0343185
1951:6:16:0 -0.12951 0.701831 -0.114168 -0.423341
1951:7:16:0 0.200496 1.3277 -0.218775 -0.353964
1951:8:16:0 0.319475 1.01428 -0.363547 -0.00589314
1951:9:16:0 0.302669 0.840149 -0.181795 -0.0265073
1951:10:16:0 0.334355 0.928161 -0.187603 -0.0359238
1951:11:16:0 0.449079 1.05555 -0.338815 0.0907116
1951:12:16:0 0.376586 0.642068 -0.164619 0.137861
1952:1:16:0 0.35917 0.458879 -0.123435 0.191448
1952:2:16:0 0.186647 0.342552 0.0918308 -0.0305446
1952:3:16:0 0.0532683 0.403856 -0.0696842 -0.113818
1952:4:16:0 0.414795 0.0477041 -0.169539 0.475712
1952:5:16:0 0.159421 -0.0381092 -0.128504 0.242728
1952:6:16:0 -0.0467202 -0.106237 -0.0162951 0.0145457
1952:7:16:0 -0.163908 -0.49196 -0.0546765 0.10941
1952:8:16:0 -0.10482 -0.222173 -0.0648346 0.0386836
1952:9:16:0 0.203211 -0.352976 -0.0443741 0.401886
1952:10:16:0 0.105022 -0.187478 0.0868749 0.155324
1952:11:16:0 -0.104775 -0.406586 -0.0222783 0.109657
1952:12:16:0 -0.0774718 -0.193303 -0.121285 0.0798221
1953:1:16:0 0.373311 0.0542389 -0.266813 0.479598
1953:2:16:0 0.0798187 0.449224 0.0076766 -0.148632
1953:3:16:0 0.262812 0.510468 -0.0907435 0.0529491
1953:4:16:0 0.443766 0.737211 -0.245174 0.197747
1953:5:16:0 0.235741 0.781455 -0.193252 -0.0583606
1953:6:16:0 0.273786 0.626767 -0.353767 0.137285
1953:7:16:0 0.275375 0.453095 -0.226484 0.16207
1953:8:16:0 0.166713 0.489858 -0.203742 0.0236553
1953:9:16:0 0.394489 0.630022 -0.279621 0.219289
1953:10:16:0 0.123336 0.180177 -0.166138 0.116317
1953:11:16:0 0.237053 0.151802 -0.216721 0.269513
1953:12:16:0 0.036607 0.173235 -0.0913626 -0.00432942
1954:1:16:0 0.350567 -0.571477 -0.0767988 0.674705
1954:2:16:0 0.144231 -0.245096 -0.146731 0.340145
1954:3:16:0 0.151505 -0.218021 -0.204903 0.362967
1954:4:16:0 0.136585 -1.40712 -0.163793 0.922041
1954:5:16:0 -0.0336389 -1.41347 -0.225394 0.785796
1954:6:16:0 -0.242338 -1.14584 -0.0115415 0.336351
1954:7:16:0 -0.408125 -1.22113 -0.0598488 0.232362
1954:8:16:0 -0.397683 -0.892168 0.0404747 0.0281639
1954:9:16:0 -0.452327 -1.12554 -0.254233 0.237562
1954:10:16:0 -0.394835 -1.25355 -0.0795917 0.271733
1954:11:16:0 -0.625709 -0.947581 -0.11876 -0.0925385
1954:12:16:0 -0.417227 -1.11194 -0.346913 0.312202
1955:1:16:0 -0.422677 -0.414353 -0.0388736 -0.196064
1955:2:16:0 -0.747627 -0.659522 -0.015833 -0.409949
1955:3:16:0 -0.517962 -0.548104 -0.106713 -0.190554
1955:4:16:0 -0.767738 -0.659857 -0.259161 -0.308229
1955:5:16:0 -0.648576 -1.17849 -0.225439 0.0533895
1955:6:16:0 -0.502128 -1.15641 -0.131164 0.14166
1955:7:16:0 -0.707994 -0.776696 0.0924293 -0.365861
1955:8:16:0 -0.538782 -0.684874 0.150498 -0.271594
1955:9:16:0 -0.670375 -1.06272 0.142826 -0.210426
1955:10:16:0 -1.11622 -1.51384 0.0721496 -0.39537
1955:11:16:0 -0.971661 -1.44173 0.00374361 -0.252666
1955:12:16:0 -0.936731 -1.1734 -0.145745 -0.27716
1956:1:16:0 -0.784981 -0.944539 -0.193133 -0.216146
1956:2:16:0 -0.767969 -0.577048 -0.142263 -0.408313
1956:3:16:0 -0.692518 -0.18374 -0.178546 -0.511375
1956:4:16:0 -0.538355 -0.500844 -0.229878 -0.172993
1956:5:16:0 -0.501299 -0.742987 -0.291167 0.0157778
1956:6:16:0 -0.723727 -0.591969 -0.283494 -0.285996
1956:7:16:0 -0.709194 -0.289043 0.117089 -0.623218
1956:8:16:0 -0.522915 -0.506483 0.129122 -0.334234
1956:9:16:0 -0.656432 -0.55758 -0.234514 -0.260385
1956:10:16:0 -0.561969 -0.578931 0.0203178 -0.282662
1956:11:16:0 -0.503808 -0.703867 -0.0635215 -0.120115
1956:12:16:0 -0.219677 -0.633812 0.0686974 0.0628806
1957:1:16:0 -0.0297248 -0.691507 -0.0536286 0.342843
1957:2:16:0 0.0365337 0.139905 -0.0583175 -0.00426026
1957:3:16:0 0.0230885 0.769167 -0.0461038 -0.338443
1957:4:16:0 0.315998 0.748733 -0.196746 0.0400043
1957:5:16:0 0.427545 1.22096 -0.0109674 -0.17745
1957:6:16:0 0.164134 1.30554 -0.151023 -0.413124
1957:7:16:0 0.309234 1.54891 -0.0555946 -0.437426
1957:8:16:0 0.38726 1.14631 -0.126748 -0.122523
1957:9:16:0 0.452254 1.05652 -0.434936 0.14146
1957:10:16:0 0.543705 0.960918 -0.363011 0.244752
1957:11:16:0 0.649907 0.959997 -0.383442 0.36163
1957:12:16:0 0.68346 0.919193 -0.207032 0.32738
1958:1:16:0 1.06185 0.61342 -0.201256 0.855767
1958:2:16:0 1.02747 0.60044 -0.267021 0.86076
1958:3:16:0 0.871605 0.476078 -0.122012 0.694572
1958:4:16:0 0.477962 0.738793 -0.28867 0.2529
1958:5:16:0 0.563319 0.45663 -0.352641 0.511324
1958:6:16:0 0.419745 0.524767 -0.39075 0.352736
1958:7:16:0 0.258212 0.521964 -0.0672313 0.0308461
1958:8:16:0 0.425868 0.166734 0.0932769 0.295862
1958:9:16:0 0.0816672 0.143035 -0.0322062 0.0262527
1958:10:16:0 0.264538 0.0357753 -0.0697531 0.281527
1958:11:16:0 0.328409 0.0680557 -0.237881 0.413322
1958:12:16:0 0.424363 -0.0319134 -0.117769 0.499205
1959:1:16:0 0.419606 -0.155747 -0.281527 0.638243
1959:2:16:0 0.349908 -0.135309 -0.152787 0.493955
1959:3:16:0 0.231964 0.291706 -0.22441 0.198315
1959:4:16:0 0.305396 0.269229 -0.359084 0.350324
1959:5:16:0 0.291265 0.147993 -0.329599 0.382068
1959:6:16:0 -0.013103 -0.0632852 -0.214882 0.125981
1959:7:16:0 0.0514888 -0.0828237 -0.109133 0.147467
1959:8:16:0 0.0982992 -0.295692 -0.0925616 0.292426
1959:9:16:0 0.0489755 -0.0217441 -0.166251 0.142973
1959:10:16:0 0.14505 0.106851 -0.294704 0.238977
1959:11:16:0 -0.0913395 0.0176455 -0.182727 -0.00879858
1959:12:16:0 -0.0845521 -0.041611 -0.161338 0.0169223
1960:1:16:0 -0.205168 0.0787581 0.0705185 -0.279806
1960:2:16:0 -0.275067 0.00282952 0.0303323 -0.291648
1960:3:16:0 -0.189011 0.146067 0.116283 -0.320187
1960:4:16:0 0.0462148 -0.245006 0.0424959 0.14747
1960:5:16:0 0.0535013 -0.0773668 0.135933 0.0242184
1960:6:16:0 -0.107259 -0.280591 -0.0850097 0.075541
1960:7:16:0 -0.0626551 -0.161663 0.157226 -0.0604367
1960:8:16:0 -0.0350417 -0.0717869 -0.0346786 0.018191
1960:9:16:0 0.0802869 0.116222 0.0967152 -0.0261815
1960:10:16:0 0.0521438 -0.459283 -0.0678753 0.315723
1960:11:16:0 -0.0188837 -0.648282 0.124595 0.24296
1960:12:16:0 0.273967 -0.204894 -0.114418 0.433623
1961:1:16:0 0.00877535 -0.0293899 -0.25704 0.15199
1961:2:16:0 0.0534011 0.393634 0.170321 -0.228576
1961:3:16:0 -0.0761958 0.0902382 -0.01166 -0.115485
1961:4:16:0 -0.126975 0.119039 0.122941 -0.247965
1961:5:16:0 -0.0540364 -0.138577 -0.0771386 0.0538215
1961:6:16:0 0.00718368 -0.11151 -0.181712 0.153794
1961:7:16:0 -0.0988586 -0.630414 -0.2956 0.364148
1961:8:16:0 -0.101214 -0.338912 -0.205683 0.171083
1961:9:16:0 -0.107006 -0.649052 -0.369303 0.402171
1961:10:16:0 -0.30323 -0.524752 -0.354067 0.136179
1961:11:16:0 -0.173374 -0.240994 -0.292281 0.0932636
1961:12:16:0 -0.329644 -0.23352 -0.141802 -0.141983
1962:1:16:0 -0.330094 -0.244782 -0.0171601 -0.199123
1962:2:16:0 -0.163265 -0.164709 -0.269476 0.0538279
1962:3:16:0 -0.192967 -0.722268 -0.0737116 0.205023
1962:4:16:0 -0.101835 -1.00541 -0.207158 0.50445
1962:5:16:0 -0.281406 -0.513027 -0.190234 0.0702248
1962:6:16:0 -0.0507134 -0.632725 -0.137063 0.334181
1962:7:16:0 -0.116904 -0.389272 0.0228811 0.066292
1962:8:16:0 -0.118702 -0.130857 -0.106471 -3.81023e-05
1962:9:16:0 -0.245594 -0.304026 -0.135806 -0.0256783
1962:10:16:0 -0.264568 -0.56259 -0.0460505 0.0397525
1962:11:16:0 -0.158451 -0.465182 -0.189015 0.168648
1962:12:16:0 -0.287038 -0.689879 -0.201596 0.158699
1963:1:16:0 -0.18884 -0.115895 -0.139572 -0.0611064
1963:2:16:0 -0.0444664 -0.250046 -0.27814 0.219626
1963:3:16:0 0.00427563 0.139189 -0.144513 0.00693771
1963:4:16:0 0.0826911 -0.10035 -0.176268 0.221
1963:5:16:0 -0.00775105 0.194286 -0.0452917 -0.0822481
1963:6:16:0 -0.0681418 0.161382 -0.224952 -0.0363567
1963:7:16:0 0.259416 0.438406 -0.324711 0.202569
1963:8:16:0 0.459135 0.518728 -0.15718 0.278361
1963:9:16:0 0.36445 0.534091 -0.286278 0.240543
1963:10:16:0 0.513889 0.416925 -0.355044 0.482949
1963:11:16:0 0.513639 0.275739 -0.246817 0.499178
1963:12:16:0 0.48292 0.302997 0.0619479 0.300447
1964:1:16:0 0.401069 -0.129289 0.0142504 0.458589
1964:2:16:0 0.352487 -0.545364 -0.0793205 0.664829
1964:3:16:0 -0.0691781 -0.542353 -0.0841733 0.244085
1964:4:16:0 -0.0488673 -0.843304 -0.0272979 0.386434
1964:5:16:0 -0.18324 -1.4592 0.0556051 0.518558
1964:6:16:0 -0.334902 -0.990636 0.1469 0.0869662
1964:7:16:0 -0.371709 -0.801502 0.159962 -0.0509387
1964:8:16:0 -0.559665 -1.00842 0.0296471 -0.0702779
1964:9:16:0 -0.785754 -0.448473 0.15414 -0.638588
1964:10:16:0 -0.816503 -0.777256 0.277019 -0.566385
1964:11:16:0 -0.846776 -0.471459 0.0682336 -0.645163
1964:12:16:0 -0.774103 -0.62743 -0.127061 -0.396857
1965:1:16:0 -0.355865 -0.299257 -0.285313 -0.0635796
1965:2:16:0 -0.326348 0.0218358 -0.165663 -0.254434
1965:3:16:0 -0.348998 0.377137 -0.279907 -0.397613
1965:4:16:0 -0.153789 0.801525 -0.197316 -0.455893
1965:5:16:0 -0.0366746 1.18794 -0.177944 -0.541674
1965:6:16:0 0.0936583 1.14549 -0.361318 -0.298428
1965:7:16:0 0.26453 1.06956 -0.841652 0.150578
1965:8:16:0 0.487694 1.1342 -0.525113 0.183152
1965:9:16:0 0.538307 0.890713 -0.48651 0.336205
1965:10:16:0 0.771053 0.762889 -0.462446 0.620832
1965:11:16:0 0.767988 0.862856 -0.439365 0.556243
1965:12:16:0 0.673305 0.895411 -0.545005 0.498102
1966:1:16:0 0.618417 0.705889 -0.376114 0.45353
1966:2:16:0 0.499866 0.164734 -0.340414 0.587706
1966:3:16:0 0.790701 -0.525716 -0.357439 1.23228
1966:4:16:0 0.463591 -0.59292 -0.27511 0.897606
1966:5:16:0 0.370355 -0.668708 -0.386758 0.898088
1966:6:16:0 0.417804 -0.577413 -0.264227 0.838624
1966:7:16:0 0.568652 -0.245879 -0.183664 0.783424
1966:8:16:0 0.429228 -0.250099 -0.0611588 0.584857
1966:9:16:0 0.427351 -0.433286 -0.149687 0.718837
1966:10:16:0 0.278865 -0.352705 -0.127856 0.519146
1966:11:16:0 0.179473 -0.475492 -0.0628095 0.448623
1966:12:16:0 0.115054 -0.552288 -0.0852491 0.433823
1967:1:16:0 -0.299409 -0.452621 -0.262088 0.0579455
1967:2:16:0 -0.344957 -0.206075 -0.423573 -0.0301327
1967:3:16:0 -0.128215 -0.368615 -0.377595 0.244891
1967:4:16:0 0.0263548 -0.283206 -0.351371 0.343643
1967:5:16:0 0.144438 -0.39016 -0.326845 0.502941
1967:6:16:0 0.121206 -0.188723 -0.222327 0.326731
1967:7:16:0 0.115144 -0.490727 -0.41062 0.565817
1967:8:16:0 -0.0526068 -0.883829 -0.314088 0.546352
1967:9:16:0 -0.116723 -0.960234 -0.290016 0.508402
1967:10:16:0 -0.00570348 -1.16985 -0.407996 0.783217
1967:11:16:0 0.0218491 -1.02581 -0.546725 0.808117
1967:12:16:0 -0.0163141 -1.03493 -0.474238 0.738272
1968:1:16:0 -0.103361 -0.933202 -0.391309 0.558895
1968:2:16:0 -0.00766491 -0.726735 -0.546832 0.629119
1968:3:16:0 -0.279097 -0.772377 -0.305491 0.259838
1968:4:16:0 -0.173224 -0.733021 -0.0676017 0.227088
1968:5:16:0 -0.0881767 -0.932237 0.194527 0.280678
1968:6:16:0 0.28976 -0.535369 0.450982 0.331953
1968:7:16:0 0.201246 -0.120757 0.489827 0.0167108
1968:8:16:0 0.237775 0.180656 0.258267 0.0183138
1968:9:16:0 0.0826182 0.440444 0.110946 -0.193077
1968:10:16:0 0.410729 0.199658 0.0295393 0.296131
1968:11:16:0 0.651117 0.150227 -0.180183 0.666095
1968:12:16:0 0.589598 0.468206 -0.185864 0.448427
1969:1:16:0 1.0055 0.160271 -0.296004 1.07337
1969:2:16:0 1.11113 0.00204913 -0.278778 1.24949
1969:3:16:0 0.739701 0.499788 -0.108334 0.543975
1969:4:16:0 0.568698 0.792046 0.0885021 0.128424
1969:5:16:0 0.456882 1.12463 0.0597112 -0.135291
1969:6:16:0 0.249647 0.965972 0.217918 -0.342298
1969:7:16:0 0.240125 0.516631 0.0796103 -0.0579961
1969:8:16:0 0.485352 0.412622 -0.0311963 0.294639
1969:9:16:0 0.547829 0.530238 0.110088 0.227666
1969:10:16:0 0.538144 0.950532 0.147504 -0.0108743
1969:11:16:0 0.601461 0.79709 0.0280028 0.188914
1969:12:16:0 0.574153 0.834481 0.216412 0.0487065
1970:1:16:0 0.524655 0.684527 0.38391 -0.00956368
1970:2:16:0 0.431376 0.0136649 0.176748 0.336169
1970:3:16:0 0.301689 -0.243932 0.305548 0.270881
1970:4:16:0 0.255127 -0.214416 0.150544 0.287062
1970:5:16:0 0.328038 -0.590474 0.191744 0.527404
1970:6:16:0 0.112562 -0.893644 0.17891 0.469929
1970:7:16:0 -0.101017 -1.47655 0.207122 0.533697
1970:8:16:0 -0.258671 -1.18872 0.160979 0.255198
1970:9:16:0 -0.298824 -0.905399 0.283378 0.0121863
1970:10:16:0 -0.425324 -0.646081 0.4232 -0.313884
1970:11:16:0 -0.403079 -0.841358 0.434806 -0.199802
1970:12:16:0 -0.80242 -0.844078 0.296339 -0.52855
1971:1:16:0 -0.984735 -0.855248 0.182854 -0.648538
1971:2:16:0 -0.823843 -1.18027 0.0835641 -0.275489
1971:3:16:0 -0.873028 -0.85403 0.0721684 -0.482097
1971:4:16:0 -0.628264 -0.355632 -0.138051 -0.381423
1971:5:16:0 -0.493101 -0.701882 -0.0775658 -0.103377
1971:6:16:0 -0.556199 -0.838362 -0.221884 -0.0260763
1971:7:16:0 -0.554824 -0.567209 -0.204474 -0.168982
1971:8:16:0 -0.618806 -0.813841 0.0242608 -0.224016
1971:9:16:0 -0.750355 -0.717877 0.296563 -0.539698
1971:10:16:0 -0.478424 -0.850032 0.151705 -0.129261
1971:11:16:0 -0.467364 -0.799729 0.149158 -0.142079
1971:12:16:0 -0.432111 -0.750586 0.0393713 -0.0765042
1972:1:16:0 -0.254415 -0.0337871 0.178677 -0.32686
1972:2:16:0 -0.0155561 0.245999 0.154501 -0.215806
1972:3:16:0 -0.0282984 0.329639 -0.134559 -0.125838
1972:4:16:0 0.307141 0.629677 -0.223645 0.104125
1972:5:16:0 0.454979 0.745187 -0.264219 0.214495
1972:6:16:0 0.443023 1.27104 -0.33106 -0.0269654
1972:7:16:0 0.454952 1.72266 -0.397325 -0.207714
1972:8:16:0 0.447625 2.0645 -0.392423 -0.388413
1972:9:16:0 0.438604 1.53198 -0.351024 -0.151876
1972:10:16:0 0.849797 1.47233 -0.194664 0.210964
1972:11:16:0 0.705409 1.54595 -0.237901 0.0513819
1972:12:16:0 0.875933 1.79488 -0.106571 0.0317788
1973:1:16:0 0.852482 1.25864 -0.159774 0.303051
1973:2:16:0 0.575276 0.402484 -0.067141 0.407605
1973:3:16:0 0.453877 0.0434882 -0.15165 0.507958
1973:4:16:0 0.101316 -0.407666 0.0457077 0.282296
1973:5:16:0 0.0343045 -0.556335 0.113082 0.255931
1973:6:16:0 -0.278782 -0.629065 0.283909 -0.106204
1973:7:16:0 -0.410342 -0.780984 0.314387 -0.177043
1973:8:16:0 -0.626431 -0.894522 0.477729 -0.418034
1973:9:16:0 -0.834467 -0.835714 0.375761 -0.604491
1973:10:16:0 -0.951563 -0.721983 0.292082 -0.736612
1973:11:16:0 -1.14551 -0.666959 0.298324 -0.961189
1973:12:16:0 -1.4198 -0.711276 0.235377 -1.18185
1974:1:16:0 -1.31417 -0.732866 0.0144128 -0.954945
1974:2:16:0 -0.988579 -0.581473 -0.115146 -0.64027
1974:3:16:0 -0.95755 -0.215116 -0.328037 -0.685974
1974:4:16:0 -0.716555 -0.118787 -0.397116 -0.458603
1974:5:16:0 -0.636946 0.0704219 -0.22533 -0.559493
1974:6:16:0 -0.609129 -0.0283667 -0.225503 -0.482194
1974:7:16:0 -0.663591 -0.103484 -0.0522384 -0.585729
1974:8:16:0 -0.446354 -0.00191608 -0.00735064 -0.44172
1974:9:16:0 -0.574244 -0.438844 0.233959 -0.471802
1974:10:16:0 -0.633276 -0.716936 0.146175 -0.347895
1974:11:16:0 -0.687943 -0.521437 -0.122192 -0.366128
1974:12:16:0 -0.680905 -0.706057 -0.219239 -0.218257
1975:1:16:0 -0.487985 -0.700398 -0.164405 -0.0555835
1975:2:16:0 -0.283914 -0.618551 -0.172569 0.111645
1975:3:16:0 -0.505977 -0.157414 -0.115655 -0.369443
1975:4:16:0 -0.555743 -0.0529529 0.0267652 -0.542649
1975:5:16:0 -0.7059 -0.473252 0.0631191 -0.500834
1975:6:16:0 -0.75385 -0.72144 -0.0756936 -0.355283
1975:7:16:0 -0.968085 -0.372037 0.0799175 -0.822025
1975:8:16:0 -1.11471 -0.368509 0.191101 -1.02601
1975:9:16:0 -1.3689 -0.807396 0.420061 -1.17524
1975:10:16:0 -1.4664 -0.939985 0.210202 -1.10151
1975:11:16:0 -1.41761 -1.12872 0.188958 -0.947735
1975:12:16:0 -1.43506 -1.18149 -0.0404687 -0.824084
1976:1:16:0 -1.19702 -0.813142 0.064581 -0.822742
1976:2:16:0 -0.85076 -0.430442 -0.114112 -0.578484
1976:3:16:0 -0.526758 -0.271437 -0.268927 -0.256576
1976:4:16:0 -0.433411 0.104464 -0.333495 -0.318895
1976:5:16:0 -0.472731 0.380181 -0.451329 -0.437157
1976:6:16:0 -0.259037 0.945844 -0.469455 -0.497231
1976:7:16:0 -0.221231 1.23641 -0.310723 -0.684072
1976:8:16:0 -0.202584 1.16996 -0.266026 -0.654553
1976:9:16:0 0.100661 0.822131 -0.309198 -0.155806
1976:10:16:0 0.283814 0.778534 -0.059668 -0.0756195
1976:11:16:0 0.408688 0.632273 0.181573 0.00176454
1976:12:16:0 0.157535 0.574259 0.174768 -0.216979
1977:1:16:0 0.240617 0.656035 0.129626 -0.152213
1977:2:16:0 0.182881 0.371222 0.105117 -0.0552886
1977:3:16:0 0.110483 0.243042 -0.0210045 -0.000535533
1977:4:16:0 -0.119196 -0.185851 -0.152601 0.05003
1977:5:16:0 -0.0377699 -0.0104856 -0.0701156 0.00253066
1977:6:16:0 0.183861 0.221977 -0.116964 0.131354
1977:7:16:0 0.446342 0.226624 -0.179344 0.422702
1977:8:16:0 0.410341 -0.283021 -0.0913448 0.597524
1977:9:16:0 0.564198 -0.204193 -0.175066 0.753828
1977:10:16:0 0.631731 -0.0479843 -0.178416 0.744931
1977:11:16:0 0.709868 0.005586 -0.0560986 0.735124
1977:12:16:0 0.733614 -0.231913 -0.118406 0.908774
1978:1:16:0 0.502009 0.100193 -0.0893446 0.496585
1978:2:16:0 0.322271 -0.0557502 -0.233927 0.46711
1978:3:16:0 0.084521 -0.266704 0.00633398 0.214706
1978:4:16:0 -0.0625505 -0.380436 -0.0914262 0.17338
1978:5:16:0 0.000726576 -0.539122 0.183931 0.178322
1978:6:16:0 -0.133881 -0.749185 0.462717 0.00935347
1978:7:16:0 0.00644456 -0.431862 0.615038 -0.0851434
1978:8:16:0 -0.0704176 -0.607771 0.340273 0.0633316
1978:9:16:0 -0.15176 -0.339686 0.260082 -0.111958
1978:10:16:0 -0.123074 -0.268633 0.0108851 0.00580021
1978:11:16:0 -0.0465702 0.0566048 -0.0880058 -0.0308697
1978:12:16:0 -0.0460907 0.311079 0.0286437 -0.215952
1979:1:16:0 0.134263 0.234597 0.00875191 0.0125886
1979:2:16:0 0.110076 -0.121446 0.0734991 0.134049
1979:3:16:0 0.117411 -0.0275094 -0.0841733 0.173252
1979:4:16:0 0.146128 0.373876 -0.110647 0.0145133
1979:5:16:0 -0.0272849 0.322489 0.133921 -0.25549
1979:6:16:0 0.0656099 0.482659 0.176072 -0.263755
1979:7:16:0 -0.00344148 0.308237 -0.051587 -0.131766
1979:8:16:0 -0.0137495 0.503276 -0.111668 -0.209554
1979:9:16:0 0.030281 0.769752 0.1473 -0.428245
1979:10:16:0 0.18508 0.701363 -0.111574 -0.109814
1979:11:16:0 0.149911 0.464019 -0.128728 -0.0177339
1979:12:16:0 0.459554 0.336377 -0.124183 0.353456
1980:1:16:0 0.518601 0.308858 -0.260006 0.494175
1980:2:16:0 0.516497 0.0967541 -0.312167 0.624203
1980:3:16:0 0.426808 0.220616 -0.157397 0.395199
1980:4:16:0 0.320693 0.232523 -0.235302 0.322083
1980:5:16:0 0.349118 0.379779 -0.153487 0.235972
1980:6:16:0 0.280979 0.274045 -0.169208 0.228561
1980:7:16:0 0.223736 -0.131723 -0.0537307 0.316463
1980:8:16:0 -0.0253271 -0.0577198 0.123604 -0.0582689
1980:9:16:0 0.0537064 0.119956 -0.0268306 0.00714379
1980:10:16:0 0.195584 -0.142809 -0.0220482 0.278013
1980:11:16:0 0.319624 -0.120761 0.0820392 0.338985
1980:12:16:0 0.238594 -0.267163 0.187654 0.278349
1981:1:16:0 0.0223658 -0.668618 -0.00833514 0.360842
1981:2:16:0 -0.124131 -0.431265 0.0401449 0.0714288
1981:3:16:0 0.108891 -0.11308 0.0241209 0.153371
1981:4:16:0 -0.119958 -0.182722 0.227301 -0.142248
1981:5:16:0 -0.0880056 -0.110175 0.498032 -0.281934
1981:6:16:0 -0.211122 0.0281456 0.458227 -0.454309
1981:7:16:0 -0.283398 -0.17936 0.63372 -0.510578
1981:8:16:0 -0.179057 -0.306763 0.41993 -0.235641
1981:9:16:0 0.0357096 -0.0286653 0.322061 -0.110988
1981:10:16:0 0.0621162 0.066798 0.233929 -0.0882474
1981:11:16:0 0.0792779 -0.0419899 0.296434 -0.0479441
1981:12:16:0 0.16933 0.265945 -0.0174672 0.045091
1982:1:16:0 0.101544 0.307825 0.179474 -0.142105
1982:2:16:0 0.0316796 0.127105 0.0956999 -0.0797229
1982:3:16:0 0.261459 -0.201003 0.122609 0.300655
1982:4:16:0 0.46122 -0.0177205 -0.0229536 0.481557
1982:5:16:0 0.57761 0.394842 -0.0956284 0.428004
1982:6:16:0 0.719573 0.425652 -0.16802 0.590757
1982:7:16:0 0.453336 0.566154 -0.325965 0.333241
1982:8:16:0 0.422078 0.978691 -0.449421 0.157442
1982:9:16:0 0.557033 1.72542 -0.501199 -0.0550766
1982:10:16:0 0.94832 1.98961 -0.429871 0.168452
1982:11:16:0 0.719744 2.45608 -0.409212 -0.303691
1982:12:16:0 0.668069 2.70026 -0.111766 -0.626176
1983:1:16:0 0.766812 2.50153 -0.0336449 -0.467133
1983:2:16:0 0.68 2.09521 0.0280854 -0.381648
1983:3:16:0 0.509711 2.12485 0.0102539 -0.55784
1983:4:16:0 0.265474 2.47851 0.019045 -0.983302
1983:5:16:0 0.326925 2.90752 -0.113511 -1.07008
1983:6:16:0 0.216761 3.15633 0.144184 -1.4335
1983:7:16:0 -0.0199908 2.83552 0.171621 -1.52356
1983:8:16:0 -0.0925801 2.24943 0.148734 -1.29166
1983:9:16:0 -0.268458 1.46882 0.349394 -1.17756
1983:10:16:0 -0.42366 0.894662 0.350489 -1.04624
1983:11:16:0 -0.463243 0.567917 0.309155 -0.901779
1983:12:16:0 -0.27784 0.520484 0.142801 -0.609483
1984:1:16:0 -0.229238 0.181583 0.351057 -0.495558
1984:2:16:0 -0.252446 -0.0330362 0.384245 -0.42805
1984:3:16:0 -0.364507 0.0771433 0.299785 -0.552971
1984:4:16:0 -0.466805 0.0976273 0.348079 -0.689658
1984:5:16:0 -0.461004 -0.362667 0.277342 -0.418341
1984:6:16:0 -0.37996 -0.454349 0.0660005 -0.185786
1984:7:16:0 -0.18325 -0.163797 0.0704566 -0.13658
1984:8:16:0 -0.24832 -0.118717 0.226763 -0.302343
1984:9:16:0 -0.00886749 -0.0175195 0.387689 -0.193952
1984:10:16:0 -0.401968 -0.248321 0.211161 -0.383387
1984:11:16:0 -0.630535 -0.084613 0.180598 -0.678527
1984:12:16:0 -0.825271 -0.244694 0.134467 -0.770158
1985:1:16:0 -0.393477 -0.413782 0.0435496 -0.20836
1985:2:16:0 -0.44754 -0.536018 0.157502 -0.258282
1985:3:16:0 -0.562715 -0.291279 0.27835 -0.556251
1985:4:16:0 -0.556975 -0.571174 0.276061 -0.409419
1985:5:16:0 -0.456473 -0.780157 0.213011 -0.1729
1985:6:16:0 -0.412166 -0.71041 0.068311 -0.091116
1985:7:16:0 -0.136442 -0.629321 -0.0467955 0.201616
1985:8:16:0 -0.0795451 -0.646455 -0.0285574 0.257961
1985:9:16:0 -0.0339239 -0.530616 0.0271356 0.217816
1985:10:16:0 -0.0612781 -0.494675 0.130119 0.121
1985:11:16:0 0.0592118 -0.546936 0.429758 0.117801
1985:12:16:0 0.0772191 -0.374475 0.529341 -0.000213824
1986:1:16:0 -0.175634 -0.30478 0.256629 -0.151559
1986:2:16:0 -0.0886052 -0.0194139 0.101497 -0.129647
1986:3:16:0 -0.0842619 -0.245801 0.168511 -0.0456169
1986:4:16:0 -0.0464179 -0.334856 0.1571 0.0424599
1986:5:16:0 -0.0329885 -0.430976 0.384314 -0.00965733
1986:6:16:0 0.234345 -0.403814 0.306038 0.283233
1986:7:16:0 0.33365 -0.0493922 0.378204 0.169244
1986:8:16:0 0.456167 0.0475946 0.303873 0.280434
1986:9:16:0 0.664021 0.0808062 0.176324 0.535456
1986:10:16:0 0.7055 0.437125 0.288005 0.342936
1986:11:16:0 0.78604 0.531024 0.200903 0.420077
1986:12:16:0 0.672619 0.63533 0.0395317 0.335188
1987:1:16:0 0.677095 0.683154 0.0110052 0.330015
1987:2:16:0 0.718244 0.842411 -0.24056 0.417318
1987:3:16:0 0.78767 0.953494 0.00110607 0.31037
1987:4:16:0 0.509987 1.05318 0.138201 -0.085704
1987:5:16:0 0.586 1.16674 0.188806 -0.0917733
1987:6:16:0 0.802616 0.827279 0.245938 0.266007
1987:7:16:0 0.850311 1.23191 0.0918922 0.188408
1987:8:16:0 0.855032 1.19759 0.127025 0.192724
1987:9:16:0 0.973554 1.41229 0.0972025 0.21881
1987:10:16:0 1.02662 1.34068 0.244808 0.233883
1987:11:16:0 1.03575 1.06159 0.296352 0.356781
1987:12:16:0 0.90948 1.09394 0.230892 0.247064
1988:1:16:0 0.758717 0.461229 0.407705 0.32425
1988:2:16:0 0.546703 0.100171 0.481855 0.25569
1988:3:16:0 0.436634 0.0645018 0.724563 0.0421009
1988:4:16:0 -0.0048859 -0.294168 0.641275 -0.178439
1988:5:16:0 -0.274661 -0.479383 0.575438 -0.322688
1988:6:16:0 -0.378079 -1.10504 0.562423 -0.106769
1988:7:16:0 -0.505943 -0.981433 0.609676 -0.320064
1988:8:16:0 -0.485214 -0.901651 0.768086 -0.418431
1988:9:16:0 -0.535479 -0.842945 0.817878 -0.522945
1988:10:16:0 -1.04517 -0.7901 0.771301 -1.03577
1988:11:16:0 -1.12585 -0.568988 0.654281 -1.16849
1988:12:16:0 -1.04556 -0.690051 0.460944 -0.931005
1989:1:16:0 -1.16713 -0.307717 0.561746 -1.29414
1989:2:16:0 -1.00244 0.0511532 0.505934 -1.28098
1989:3:16:0 -0.872823 -0.283824 0.484965 -0.973394
1989:4:16:0 -0.686283 -0.240052 0.488159 -0.810337
1989:5:16:0 -0.487568 -0.63683 0.401729 -0.370017
1989:6:16:0 -0.481924 -0.369907 0.440583 -0.517261
1989:7:16:0 -0.250567 -0.113695 0.589086 -0.488263
1989:8:16:0 -0.274862 -0.213433 0.637377 -0.486834
1989:9:16:0 -0.0504156 -0.185314 0.513062 -0.21429
1989:10:16:0 -0.0639837 -0.161706 0.497121 -0.231691
1989:11:16:0 0.02339 -0.199598 0.293796 -0.0237091
1989:12:16:0 0.173974 -0.112651 0.168355 0.146122
1990:1:16:0 0.25448 -0.0950809 0.140902 0.23157
1990:2:16:0 0.300029 0.146293 0.28032 0.0867225
1990:3:16:0 0.329222 -0.0733114 0.173428 0.279163
1990:4:16:0 0.263368 0.0390595 0.25562 0.116028
1990:5:16:0 0.316191 0.042908 0.34998 0.119747
1990:6:16:0 0.231934 0.0638143 0.268256 0.0658985
1990:7:16:0 0.422766 -0.266478 0.355564 0.378223
1990:8:16:0 0.4984 -0.166481 0.394831 0.384225
1990:9:16:0 0.470069 -0.00802733 0.0586132 0.444776
1990:10:16:0 0.612912 -0.279819 0.166735 0.669454
1990:11:16:0 0.536504 -0.256747 0.0324341 0.64866
1990:12:16:0 0.664897 -0.117682 -0.0469 0.747188
1991:1:16:0 0.712571 -0.00517421 -0.020392 0.725354
1991:2:16:0 0.554065 -0.0295852 -0.0270194 0.582368
1991:3:16:0 0.467603 0.068168 -0.0723443 0.469691
1991:4:16:0 0.634918 -0.255552 0.0128157 0.756286
1991:5:16:0 0.647736 0.250012 -0.0779436 0.561702
1991:6:16:0 0.710592 0.406824 0.0363522 0.489004
1991:7:16:0 0.665522 0.688353 0.0951996 0.273745
1991:8:16:0 0.657588 0.162238 0.0486262 0.552155
1991:9:16:0 0.527661 0.151809 -0.0588255 0.481169
1991:10:16:0 0.860066 0.446628 -0.239702 0.756603
1991:11:16:0 0.85446 0.646241 -0.0927452 0.577712
1991:12:16:0 0.899282 0.592943 -0.132441 0.669031
1992:1:16:0 0.683376 0.613124 -0.0394632 0.396545
1992:2:16:0 0.680109 0.572186 -0.0190863 0.403559
1992:3:16:0 0.662311 0.801885 0.00600208 0.258367
1992:4:16:0 0.665023 1.23756 0.11396 -0.0107374
1992:5:16:0 0.709862 1.41525 0.109227 -0.0523774
1992:6:16:0 0.577563 0.635666 0.182171 0.168644
1992:7:16:0 0.64172 0.200112 -0.00095322 0.542141
1992:8:16:0 0.421288 0.0589682 0.207004 0.288301
1992:9:16:0 0.43959 -0.12243 0.277629 0.36199
1992:10:16:0 0.340908 0.0367746 0.213425 0.215809
1992:11:16:0 0.326678 0.0540792 -0.0554366 0.327356
1992:12:16:0 0.371852 -0.0279156 -0.0517213 0.41167
1993:1:16:0 0.520925 0.173276 -0.0665945 0.467584
1993:2:16:0 0.476715 0.515541 -0.0855521 0.261721
1993:3:16:0 0.411543 0.559394 0.0526463 0.105523
1993:4:16:0 0.535026 0.90991 -0.159618 0.15988
1993:5:16:0 0.562619 1.08932 -0.156917 0.0964188
1993:6:16:0 0.54816 0.758709 0.0874571 0.125077
1993:7:16:0 0.54096 0.452111 0.0534249 0.288192
1993:8:16:0 0.499901 0.366034 0.0443284 0.29472
1993:9:16:0 0.579255 0.329785 -0.00614598 0.417436
1993:10:16:0 0.563742 0.470992 -0.112565 0.384529
1993:11:16:0 0.579981 0.190336 0.230255 0.369685
1993:12:16:0 0.532163 0.156189 0.102024 0.403056
1994:1:16:0 0.413417 0.29148 0.138707 0.198323
1994:2:16:0 0.242865 -0.0096415 0.28484 0.105265
1994:3:16:0 0.36002 -0.280448 0.316209 0.34214
1994:4:16:0 0.437939 -0.324216 0.29604 0.452027
1994:5:16:0 0.448735 -0.12846 0.232284 0.396822
1994:6:16:0 0.540945 -0.107859 0.188321 0.500714
1994:7:16:0 0.711654 -0.242104 0.0913341 0.787039
1994:8:16:0 0.893517 -0.354034 -0.0305711 1.08582
1994:9:16:0 0.771927 0.123776 -0.124467 0.772272
1994:10:16:0 0.943373 0.678152 -0.0170883 0.612842
1994:11:16:0 0.973317 0.675255 -0.0132472 0.642313
1994:12:16:0 0.886244 0.759551 -0.0324189 0.522678
1995:1:16:0 0.850706 0.809056 -0.0351611 0.463758
1995:2:16:0 0.80099 0.476361 0.0735557 0.526032
1995:3:16:0 0.78461 0.0194077 0.123499 0.713156
1995:4:16:0 0.631649 -0.292193 0.180456 0.687518
1995:5:16:0 0.557754 -0.324046 0.294434 0.57256
1995:6:16:0 0.607159 -0.0767355 0.442089 0.424482
1995:7:16:0 0.530706 0.174542 0.484713 0.201079
1995:8:16:0 0.395324 -0.110034 0.600768 0.149957
1995:9:16:0 0.267614 -0.104323 0.501683 0.0689342
1995:10:16:0 0.0615295 -0.114085 0.519142 -0.140999
1995:11:16:0 0.0211842 0.0195146 0.552557 -0.264851
1995:12:16:0 0.0412843 -0.0980129 0.518874 -0.169146
1996:1:16:0 -0.0515374 -0.135368 0.418022 -0.192864
1996:2:16:0 -0.0576772 0.0599193 0.326271 -0.250773
1996:3:16:0 0.0186455 0.271679 0.377465 -0.305927
1996:4:16:0 0.0747388 -0.413852 0.493537 0.034896
1996:5:16:0 -0.021124 -0.229399 0.491402 -0.152125
1996:6:16:0 0.211122 -0.308797 0.489078 0.120981
1996:7:16:0 0.096296 -0.170478 0.657841 -0.147385
1996:8:16:0 0.0079804 0.0920136 0.574679 -0.325366
1996:9:16:0 0.0534951 -0.0125419 0.595855 -0.238161
1996:10:16:0 0.106909 -0.196537 0.621308 -0.105476
1996:11:16:0 0.19924 -0.228615 0.499212 0.0639409
1996:12:16:0 0.155609 -0.496773 0.323773 0.242109
1997:1:16:0 0.226756 -0.247881 0.157323 0.272035
1997:2:16:0 0.194648 0.050893 0.064318 0.137042
1997:3:16:0 0.234035 0.654939 0.0381334 -0.112501
1997:4:16:0 0.51991 0.67281 0.168906 0.0990518
1997:5:16:0 0.677642 1.48265 0.110746 -0.119056
1997:6:16:0 0.609876 2.19132 0.167529 -0.56955
1997:7:16:0 0.817473 2.61506 -0.00117082 -0.489472
1997:8:16:0 0.917305 3.02968 -0.16841 -0.513329
1997:9:16:0 1.03432 3.0905 -0.105616 -0.458122
1997:10:16:0 1.034 3.22302 0.17037 -0.662691
1997:11:16:0 1.09292 3.23952 0.0761279 -0.56491
1997:12:16:0 0.855048 3.3637 0.29458 -0.974093
1998:1:16:0 0.974927 2.85603 0.0832882 -0.494731
1998:2:16:0 0.804938 2.41607 0.244041 -0.52512
1998:3:16:0 0.584258 2.32795 0.345613 -0.752522
1998:4:16:0 0.297918 2.19877 0.325339 -0.964138
1998:5:16:0 0.2784 2.191 0.397443 -1.01582
1998:6:16:0 -0.00293225 1.51621 0.605213 -1.06364
1998:7:16:0 -0.111664 1.17795 0.96051 -1.18089
1998:8:16:0 -0.246428 1.00499 1.07621 -1.28703
1998:9:16:0 -0.275821 0.533613 1.05743 -1.07134
1998:10:16:0 -0.52947 0.337015 0.951331 -1.17364
1998:11:16:0 -0.615135 0.261258 0.86383 -1.17768
1998:12:16:0 -0.786947 0.2118 0.613057 -1.19938
1999:1:16:0 -0.927055 0.0782 0.665537 -1.29892
1999:2:16:0 -1.00612 0.259879 0.64961 -1.46087
1999:3:16:0 -0.677643 0.397994 0.683765 -1.21852
1999:4:16:0 -0.545838 -0.246103 0.571952 -0.708762
1999:5:16:0 -0.533547 -0.100913 0.419267 -0.692724
1999:6:16:0 -0.468694 -0.210542 0.391325 -0.559086
1999:7:16:0 -0.450346 -0.232017 0.426915 -0.547795
1999:8:16:0 -0.543066 -0.160223 0.24567 -0.58579
1999:9:16:0 -0.416231 -0.503472 0.46344 -0.396215
1999:10:16:0 -0.472832 -0.52014 0.552875 -0.4892
1999:11:16:0 -0.711764 -0.741581 0.479495 -0.580721
1999:12:16:0 -0.848758 -0.672785 0.554133 -0.789432
2000:1:16:0 -0.936418 -0.656169 0.618008 -0.917337
2000:2:16:0 -1.05299 -0.181037 0.551745 -1.23834
2000:3:16:0 -0.938137 -0.0845744 0.493068 -1.14238
2000:4:16:0 -0.719321 0.404171 0.49508 -1.16895
2000:5:16:0 -0.622224 0.00505078 0.414417 -0.831958
2000:6:16:0 -0.383922 -0.446658 0.271229 -0.296208
2000:7:16:0 -0.254415 -0.352251 0.125055 -0.140816
2000:8:16:0 -0.146733 -0.230442 0.373768 -0.218396
2000:9:16:0 -0.0995427 -0.104468 0.432247 -0.263432
2000:10:16:0 -0.204286 -0.166209 0.420365 -0.331364
2000:11:16:0 -0.228849 -0.282132 0.522975 -0.34927
2000:12:16:0 -0.468433 -0.0915593 0.486582 -0.665945
2001:1:16:0 -0.499432 -0.276443 0.694533 -0.708477
2001:2:16:0 -0.525569 0.0666067 0.572813 -0.845279
2001:3:16:0 -0.402066 0.527999 0.63351 -0.982821
2001:4:16:0 -0.169616 0.520678 0.600542 -0.730226
2001:5:16:0 -0.047143 -0.0630898 0.433921 -0.232559
2001:6:16:0 0.131102 -0.233838 0.57291 -0.038434
2001:7:16:0 0.332638 -0.120001 0.339126 0.223076
2001:8:16:0 0.343567 -0.209985 0.400583 0.248268
2001:9:16:0 0.399623 -0.604846 0.460245 0.471923
2001:10:16:0 0.305535 -0.448776 0.571795 0.244026
2001:11:16:0 0.292355 -0.476159 0.585838 0.237515
2001:12:16:0 0.101151 -0.391737 0.421014 0.0865128
2002:1:16:0 0.32201 -0.459174 0.419366 0.341914
2002:2:16:0 0.260341 -0.104581 0.408481 0.108392
2002:3:16:0 0.331446 0.601249 0.409322 -0.17384
2002:4:16:0 0.448201 0.349528 0.504066 0.0214042
2002:5:16:0 0.473531 0.421876 0.37366 0.0757629
2002:6:16:0 0.729409 0.0526722 0.364837 0.520654
2002:7:16:0 0.714146 0.117808 0.193828 0.558328
2002:8:16:0 0.726123 0.0955003 0.0930329 0.631856
2002:9:16:0 0.754881 0.282712 0.0760906 0.575479
2002:10:16:0 0.902911 0.646127 0.32136 0.419168
2002:11:16:0 0.956628 0.824171 0.36238 0.363353
2002:12:16:0 0.852001 0.812633 0.301697 0.294836
2003:1:16:0 0.792163 0.346552 0.27075 0.483512
2003:2:16:0 0.642539 0.124173 0.235968 0.462469
2003:3:16:0 0.657387 -0.0649254 0.208732 0.585484
2003:4:16:0 0.465274 -0.334562 0.446608 0.409251
2003:5:16:0 0.16949 -0.693347 0.462142 0.285093
2003:6:16:0 0.315074 -0.357729 0.353949 0.316964
2003:7:16:0 0.40028 0.0229388 0.506808 0.135407
2003:8:16:0 0.404439 0.379111 0.399577 0.0150954
2003:9:16:0 0.479134 0.0119701 0.436205 0.255047
2003:10:16:0 0.641506 0.35234 0.527453 0.20161
2003:11:16:0 0.585826 0.485679 0.421881 0.132046
2003:12:16:0 0.456783 0.570792 0.258968 0.041903
2004:1:16:0 0.485327 0.413039 0.321491 0.118062
2004:2:16:0 0.366641 0.285832 0.500775 -0.0266621
2004:3:16:0 0.184445 0.199097 0.544445 -0.187326
2004:4:16:0 0.267893 0.15757 0.409633 -0.0157085
2004:5:16:0 0.345241 -0.318384 0.355848 0.326509
2004:6:16:0 0.407115 -0.261726 0.158635 0.45866
2004:7:16:0 0.588979 -0.205046 0.198654 0.592175
2004:8:16:0 0.680431 -0.0645102 0.0225621 0.701406
2004:9:16:0 0.825918 0.141788 0.106727 0.701661
2004:10:16:0 0.844487 0.31817 0.00513061 0.682837
2004:11:16:0 0.778534 0.521791 0.112388 0.461444
2004:12:16:0 0.796179 0.555384 0.309223 0.363875
2005:1:16:0 0.857943 0.281328 0.303744 0.565407
2005:2:16:0 0.549945 -0.148117 0.21988 0.514063
2005:3:16:0 0.503251 -0.340071 0.352855 0.496859
2005:4:16:0 0.425049 0.0975141 0.173653 0.289465
2005:5:16:0 0.368539 0.348585 0.250614 0.0689393
2005:6:16:0 0.362909 0.176479 0.301981 0.123679
2005:7:16:0 0.250605 0.325216 0.481984 -0.152996
2005:8:16:0 0.209261 0.206298 0.374954 -0.0813649
2005:9:16:0 0.271316 -0.259763 0.305447 0.248474
2005:10:16:0 0.263054 -0.480531 0.518493 0.244073
2005:11:16:0 0.11922 -0.973075 0.100243 0.555636
2005:12:16:0 -0.0888562 -0.856725 -0.165761 0.422387
2006:1:16:0 -0.291592 -0.267542 0.329021 -0.322332
2006:2:16:0 -0.433129 0.386204 0.500531 -0.876497
2006:3:16:0 -0.268371 0.0960066 0.405789 -0.519268
2006:4:16:0 -0.0384282 -0.128067 0.363602 -0.156196
2006:5:16:0 0.131229 0.0107449 0.407419 -0.0778527
2006:6:16:0 0.272295 -0.00961633 0.425933 0.0641365
2006:7:16:0 0.310195 0.237795 0.160615 0.11099
2006:8:16:0 0.54648 0.561366 0.0161353 0.257729
2006:9:16:0 0.718141 0.779348 0.273471 0.191732
2006:10:16:0 0.817657 1.00948 -0.073201 0.349516
2006:11:16:0 0.858808 0.924053 0.0963534 0.348605
2006:12:16:0 0.82446 0.851898 0.248515 0.274254
2007:1:16:0 0.593935 0.656778 0.316961 0.107065
2007:2:16:0 0.369209 0.34713 0.337651 0.0268186
2007:3:16:0 0.286997 -0.0563706 0.181552 0.224406
2007:4:16:0 0.254861 -0.257377 0.169059 0.299019
2007:5:16:0 0.0632207 -0.552696 0.283592 0.197773
2007:6:16:0 0.200107 -0.619521 0.547618 0.236058
2007:7:16:0 0.165229 -0.296348 0.464238 0.0812838
2007:8:16:0 0.0738719 -0.612193 0.383795 0.188071
2007:9:16:0 -0.181545 -0.865924 0.391957 0.0554382
2007:10:16:0 -0.418751 -1.00649 0.390239 -0.110623
2007:11:16:0 -0.683525 -1.29587 0.377508 -0.224344
2007:12:16:0 -0.756522 -1.05783 0.485417 -0.470314
2008:1:16:0 -0.987846 -0.719498 0.532627 -0.89441
2008:2:16:0 -1.109 -0.183466 0.593712 -1.31412
2008:3:16:0 -0.90004 0.155612 0.525606 -1.24065
2008:4:16:0 -0.673487 0.227618 0.467621 -1.02111
2008:5:16:0 -0.561545 0.171322 0.276151 -0.785281
2008:6:16:0 -0.417028 0.341753 0.16796 -0.671884
2008:7:16:0 -0.19626 0.554451 0.325343 -0.636157
2008:8:16:0 -0.114481 0.804616 0.471448 -0.752514
2008:9:16:0 -0.138721 0.414307 0.55096 -0.621355
2008:10:16:0 -0.127023 0.307851 0.576558 -0.569228
2008:11:16:0 -0.251158 0.0571275 0.639677 -0.59956
2008:12:16:0 -0.407856 0.00543341 0.773193 -0.797169
2009:1:16:0 -0.390736 0.0549309 0.620956 -0.72868
2009:2:16:0 -0.348077 0.0725834 0.607237 -0.687987
2009:3:16:0 -0.202504 -0.241168 0.591024 -0.377432
2009:4:16:0 0.0453421 0.358468 0.563387 -0.415586
2009:5:16:0 0.311217 0.547758 0.44431 -0.184817
2009:6:16:0 0.501622 0.78437 0.45999 -0.120558
2009:7:16:0 0.636751 0.91637 0.507973 -0.0754208
2009:8:16:0 0.730632 0.829544 0.407424 0.112148
2009:9:16:0 0.756856 0.606419 0.270219 0.318537
2009:10:16:0 1.00358 0.572656 0.247021 0.593741
2009:11:16:0 1.23067 0.571415 0.173471 0.85823
2009:12:16:0 1.27363 0.833941 0.163774 0.774771
2010:1:16:0 1.17804 0.520964 0.0822154 0.876454
2010:2:16:0 0.89548 0.276378 0.19906 0.657761
2010:3:16:0 0.827877 0.1528 0.386898 0.558028
2010:4:16:0 0.688684 0.57702 0.405211 0.197569
2010:5:16:0 0.296054 0.45919 0.564039 -0.215561
2010:6:16:0 0.0564355 -0.0319741 0.74299 -0.299073
2010:7:16:0 -0.207 -0.463778 0.851866 -0.401044
2010:8:16:0 -0.621686 -0.709978 0.773036 -0.653215
2010:9:16:0 -0.791858 -0.813172 0.777483 -0.774013
2010:10:16:0 -0.934719 -1.07698 0.777488 -0.784973
2010:11:16:0 -0.987876 -0.97923 0.703537 -0.85003
2010:12:16:0 -0.963573 -0.804313 0.744021 -0.933427
2011:1:16:0 -1.01825 -0.578139 0.647462 -1.05291
2011:2:16:0 -0.839692 -0.00201713 0.590684 -1.13403
2011:3:16:0 -0.554327 -0.210776 0.405531 -0.651704
2011:4:16:0 -0.452019 0.0273872 0.326998 -0.629212
2011:5:16:0 -0.33673 0.149487 0.32296 -0.572954
2011:6:16:0 -0.228749 0.336241 0.210061 -0.5019
2011:7:16:0 -0.193517 0.242854 0.101192 -0.365539
2011:8:16:0 -0.347948 -0.0898474 0.289737 -0.447892
2011:9:16:0 -0.371311 -0.524174 0.33994 -0.279194
2011:10:16:0 -0.439042 -0.514543 0.481559 -0.42255
2011:11:16:0 -0.524058 -0.4395 0.515617 -0.562116
2011:12:16:0 -0.68886 -0.254463 0.680412 -0.901835
2012:1:16:0 -0.637125 -0.207678 0.487063 -0.776817
2012:2:16:0 -0.490151 0.556577 0.507132 -1.02201
2012:3:16:0 -0.333782 0.346381 0.426817 -0.720381
2012:4:16:0 -0.151158 0.544197 0.32069 -0.583602
2012:5:16:0 -0.0970787 0.47495 0.516678 -0.592893
2012:6:16:0 0.0490659 0.918563 0.313665 -0.567048
2012:7:16:0 0.162943 1.01533 0.271838 -0.480642
2012:8:16:0 0.437112 0.629026 0.185738 0.0297297
2012:9:16:0 0.478887 0.408023 0.315543 0.117104
2012:10:16:0 0.500425 0.103447 0.23269 0.332357
2012:11:16:0 0.530895 0.0422452 0.423708 0.297919
2012:12:16:0 0.285587 -0.110037 0.462187 0.109512
2013:1:16:0 0.144886 -0.210973 0.327873 0.0864364
2013:2:16:0 -0.0506216 0.0470098 0.427672 -0.287962
2013:3:16:0 -0.0246657 0.22504 0.548913 -0.411642
2013:4:16:0 0.130346 -0.252287 0.637416 -0.0622183
2013:5:16:0 0.152525 -0.605181 0.682085 0.114073
2013:6:16:0 0.13302 -0.799364 0.599832 0.232786
2013:7:16:0 0.172532 -0.608165 0.684372 0.134428
2013:8:16:0 0.247393 -0.461797 0.628744 0.16392
2013:9:16:0 0.255346 -0.298767 0.670605 0.0694271
2013:10:16:0 0.227379 0.102858 0.455949 -0.052024
2013:11:16:0 0.321315 -0.119931 0.398222 0.18217
2013:12:16:0 0.185091 0.0700576 0.592733 -0.146304
2014:1:16:0 0.0411473 0.23088 0.392744 -0.270665
2014:2:16:0 0.215156 -0.312759 0.276506 0.233282
2014:3:16:0 0.365827 -0.041153 0.313656 0.229576
2014:4:16:0 0.411322 0.079844 0.433859 0.15447
2014:5:16:0 0.487335 0.602817 0.446945 -0.0375456
2014:6:16:0 0.559702 0.950927 0.648049 -0.239786
2014:7:16:0 0.474553 0.939957 0.5039 -0.247376
2014:8:16:0 0.509716 0.726349 0.471606 -0.0892614
2014:9:16:0 0.631518 0.33394 0.41602 0.256538
2014:10:16:0 0.676496 0.578996 0.253913 0.260041
2014:11:16:0 0.863565 0.744625 0.304735 0.338885
2014:12:16:0 0.742194 0.553571 0.391715 0.269551
2015:1:16:0 0.779879 0.237905 0.373051 0.4744
2015:2:16:0 0.815775 -0.0890734 0.271828 0.724398
2015:3:16:0 0.738936 0.0584699 0.25993 0.579736
2015:4:16:0 0.959002 0.60291 0.225642 0.544726
2015:5:16:0 0.913867 1.10374 0.316226 0.203886
2015:6:16:0 1.05787 1.55059 0.315763 0.124693
2015:7:16:0 1.15645 1.86039 0.0595782 0.196462
2015:8:16:0 1.24772 1.78373 -0.0245674 0.368144
2015:9:16:0 1.32966 2.07559 0.245808 0.168964
2015:10:16:0 1.29814 2.05175 0.0799394 0.232291
2015:11:16:0 1.57511 1.9136 0.187309 0.524655
2015:12:16:0 1.43682 1.96879 0.196566 0.354144
2016:1:16:0 1.35442 1.94378 0.364346 0.200358
2016:2:16:0 1.21499 1.29981 0.343808 0.393179
2016:3:16:0 1.10696 1.33177 0.534124 0.174012
2016:4:16:0 0.946669 0.771171 0.558424 0.281871
2016:5:16:0 0.743462 0.713947 0.704466 0.0342556
